[1.0045506339832906, 1.0007914905107878, 1.0039574524869643, 1.0007914905107878]
[1.0045506339832906, 1.0007914905107878, 1.0039574524869643, 1.0007914905107878]
[1.0067409089347581, 1.0011868206826198, 1.0059341033787614, 1.0011868206826198]
[1.0067409089347581, 1.0011868206826198, 1.0059341033787614, 1.0011868206826198]
[1.0067409089347581, 1.0011868206826198, 1.0059341033787614, 1.0011868206826198]
[1.0067409089347581, 1.0011868206826198, 1.0059341033787614, 1.0011868206826198]
[1.0112719149949709, 1.0019748970709541, 1.0098744852537527, 1.0019748970709541]
[1.0112719149949709, 1.0019748970709541, 1.0098744852537527, 1.0019748970709541]
[1.0134523011848522, 1.0023684423865904, 1.0118422118644248, 1.0023684423865904]
[1.017963824907004, 1.0031531299768852, 1.0157656497495109, 1.0031531299768852]
[1.017963824907004, 1.0031531299768852, 1.0157656497495109, 1.0031531299768852]
[1.0201343976518611, 1.0035449040304683, 1.0177245200497707, 1.0035449040304683]
[1.0201343976518611, 1.0035449040304683, 1.0177245200497707, 1.0035449040304683]
[1.0201343976518611, 1.0035449040304683, 1.0177245200497707, 1.0035449040304683]
[1.0201343976518611, 1.0035449040304683, 1.0177245200497707, 1.0035449040304683]
[1.022325347790771, 1.0039360915285047, 1.019680457539953, 1.0039360915285047]
[1.0268111162763283, 1.0047162992014727, 1.0235814958387905, 1.0047162992014727]
[1.0268111162763283, 1.0047162992014727, 1.0235814958387905, 1.0047162992014727]
[1.0289687188842807, 1.0051057322309538, 1.0255286610183474, 1.0051057322309538]
[1.0289687188842807, 1.0051057322309538, 1.0255286610183474, 1.0051057322309538]
[1.0289687188842807, 1.0051057322309538, 1.0255286610183474, 1.0051057322309538]
[1.0289687188842807, 1.0051057322309538, 1.0255286610183474, 1.0051057322309538]
[1.0311467706556554, 1.0054946167646117, 1.0274730836866375, 1.0054946167646117]
[1.0311467706556554, 1.0054946167646117, 1.0274730836866375, 1.0054946167646117]
[1.0361467707301613, 1.0054946167646117, 1.0274730836866375, 1.0054946167646117]
[1.0411467651450395, 1.0054946183678037, 1.0274730852898295, 1.0054946247805718]
[1.0274662289926391, 0.99077147951011846, 1.0264004542455394, 1.0028619963603138]
[1.0274662289926391, 0.99077147951011846, 1.0264004542455394, 1.0028619963603138]
[1.0274662289926391, 0.99077147951011846, 1.0264004542455394, 1.0028619963603138]
[1.0274662289926391, 0.99077147951011846, 1.0264004542455394, 1.0028619963603138]
[1.0197083289357454, 0.98379914076359676, 1.0250059864268739, 1.0014675285416483]
[1.0262033359614156, 0.98496807173237255, 1.0308506410776141, 1.0026364595104242]
[1.0262033359614156, 0.98496807173237255, 1.0308506410776141, 1.0026364595104242]
[1.0182284346998898, 0.97701037449333517, 1.0292591015585055, 1.0010449199913156]
[1.0182284346998898, 0.97701037449333517, 1.0292591015585055, 1.0010449199913156]
[1.0182284346998898, 0.97701037449333517, 1.0292591015585055, 1.0010449199913156]
[1.0126911398091751, 0.97056418058304816, 1.0298400349808732, 1.0000673765521191]
[1.017691139883681, 0.97056418058304816, 1.0298400349808732, 1.0000673765521191]
[1.012233217864559, 0.9644479728388371, 1.0304918575986606, 0.9991566456787907]
[1.012233217864559, 0.9644479728388371, 1.0304918575986606, 0.9991566456787907]
[1.0045351684624217, 0.95759377699665094, 1.0291210183843393, 0.99778580646446946]
[1.0045351684624217, 0.95759377699665094, 1.0291210183843393, 0.99778580646446946]
[1.0095351685369276, 0.95759377699665094, 1.0291210183843393, 0.99778580646446946]
[1.0062366684231294, 0.9514765315480963, 1.0316552164462518, 0.9971886319410157]
[1.0062366684231294, 0.9514765315480963, 1.0316552164462518, 0.9971886319410157]
[1.0062366684231294, 0.9514765315480963, 1.0316552164462518, 0.9971886319410157]
[1.0062366684231294, 0.9514765315480963, 1.0316552164462518, 0.9971886319410157]
[0.99850575569154931, 0.94441735952952788, 1.0302433820425381, 0.99577679753730197]
[0.99850575569154931, 0.94441735952952788, 1.0302433820425381, 0.99577679753730197]
[0.99850575569154931, 0.94441735952952788, 1.0302433820425381, 0.99577679753730197]
[0.99850575569154931, 0.94441735952952788, 1.0302433820425381, 0.99577679753730197]
[0.99850575569154931, 0.94441735952952788, 1.0302433820425381, 0.99577679753730197]
[0.99850575569154931, 0.94441735952952788, 1.0302433820425381, 0.99577679753730197]
[0.99850575569154931, 0.94441735952952788, 1.0302433820425381, 0.99577679753730197]
[0.99850575569154931, 0.94441735952952788, 1.0302433820425381, 0.99577679753730197]
[0.99850575569154931, 0.94441735952952788, 1.0302433820425381, 0.99577679753730197]
[0.99850575569154931, 0.94441735952952788, 1.0302433820425381, 0.99577679753730197]
[0.94264308573942246, 0.87655106651576364, 1.035458749530191, 0.98533497647754698]
[0.94264308573942246, 0.87655106651576364, 1.035458749530191, 0.98533497647754698]
[0.94264308573942246, 0.87655106651576364, 1.035458749530191, 0.98533497647754698]
[0.94264308573942246, 0.87655106651576364, 1.035458749530191, 0.98533497647754698]
[0.94264308573942246, 0.87655106651576364, 1.035458749530191, 0.98533497647754698]
[0.86668305944877011, 0.80763485312600891, 1.0216755066258616, 0.97155173357321756]
[0.86668305944877011, 0.80763485312600891, 1.0216755066258616, 0.97155173357321756]
[0.86668305944877011, 0.80763485312600891, 1.0216755066258616, 0.97155173357321756]
[0.88871726482908797, 0.81166471090150794, 1.041824795831692, 0.97558159134871658]
[0.91260484225414973, 0.81560916557355856, 1.0615470681240873, 0.9795260460207672]
[0.91260484225414973, 0.81560916557355856, 1.0615470681240873, 0.9795260460207672]
[0.91260484225414973, 0.81560916557355856, 1.0615470681240873, 0.9795260460207672]
[0.91260484225414973, 0.81560916557355856, 1.0615470681240873, 0.9795260460207672]
[0.91260484225414973, 0.81560916557355856, 1.0615470681240873, 0.9795260460207672]
[0.91260484225414973, 0.81560916557355856, 1.0615470681240873, 0.9795260460207672]
[0.91260484225414973, 0.81560916557355856, 1.0615470681240873, 0.9795260460207672]
[0.91260484225414973, 0.81560916557355856, 1.0615470681240873, 0.9795260460207672]
[0.91260484225414973, 0.81560916557355856, 1.0615470681240873, 0.9795260460207672]
[0.93478797360603216, 0.81951637992393933, 1.0810831395454366, 0.98343326037114798]
[0.93478797360603216, 0.81951637992393933, 1.0810831395454366, 0.98343326037114798]
[0.93478797360603216, 0.81951637992393933, 1.0810831395454366, 0.98343326037114798]
[0.93478797360603216, 0.81951637992393933, 1.0810831395454366, 0.98343326037114798]
[0.93478797360603216, 0.81951637992393933, 1.0810831395454366, 0.98343326037114798]
[0.85789758655312631, 0.80581433371453437, 1.0673810933360317, 0.91492302932412328]
[0.85789758655312631, 0.80581433371453437, 1.0673810933360317, 0.91492302932412328]
[0.85789758655312631, 0.80581433371453437, 1.0673810933360317, 0.91492302932412328]
[0.85789758655312631, 0.80581433371453437, 1.0673810933360317, 0.91492302932412328]
[0.85789758655312631, 0.80581433371453437, 1.0673810933360317, 0.91492302932412328]
[0.63842472313424614, 0.60939478790043167, 1.0280971839601154, 0.87563911994820698]
[0.63842472313424614, 0.60939478790043167, 1.0280971839601154, 0.87563911994820698]
[0.63842472313424614, 0.60939478790043167, 1.0280971839601154, 0.87563911994820698]
[0.63842472313424614, 0.60939478790043167, 1.0280971839601154, 0.87563911994820698]
[0.66153204493177264, 0.61357474213071161, 1.0489969551115153, 0.87981907417848693]
[0.66153204493177264, 0.61357474213071161, 1.0489969551115153, 0.87981907417848693]
[0.66153204493177264, 0.61357474213071161, 1.0489969551115153, 0.87981907417848693]
[0.68371477230606337, 0.61769330705593262, 1.0695897790765232, 0.88393763910370793]
[0.68371477230606337, 0.61769330705593262, 1.0695897790765232, 0.88393763910370793]
[0.68371477230606337, 0.61769330705593262, 1.0695897790765232, 0.88393763910370793]
[0.68371477230606337, 0.61769330705593262, 1.0695897790765232, 0.88393763910370793]
[0.68371477230606337, 0.61769330705593262, 1.0695897790765232, 0.88393763910370793]
[0.68371477230606337, 0.61769330705593262, 1.0695897790765232, 0.88393763910370793]
[0.68371477230606337, 0.61769330705593262, 1.0695897790765232, 0.88393763910370793]
[0.68371477230606337, 0.61769330705593262, 1.0695897790765232, 0.88393763910370793]
[0.68371477230606337, 0.61769330705593262, 1.0695897790765232, 0.88393763910370793]
[0.70443305635613451, 0.62173944803483672, 1.0898204839710435, 0.88798378008261203]
[0.70443305635613451, 0.62173944803483672, 1.0898204839710435, 0.88798378008261203]
[0.70443305635613451, 0.62173944803483672, 1.0898204839710435, 0.88798378008261203]
[0.70443305635613451, 0.62173944803483672, 1.0898204839710435, 0.88798378008261203]
[0.70443305635613451, 0.62173944803483672, 1.0898204839710435, 0.88798378008261203]
[0.70443305635613451, 0.62173944803483672, 1.0898204839710435, 0.88798378008261203]
[0.70443305635613451, 0.62173944803483672, 1.0898204839710435, 0.88798378008261203]
[0.70443305635613451, 0.62173944803483672, 1.0898204839710435, 0.88798378008261203]
[0.70443305635613451, 0.62173944803483672, 1.0898204839710435, 0.88798378008261203]
[0.70443305635613451, 0.62173944803483672, 1.0898204839710435, 0.88798378008261203]
[0.70443305635613451, 0.62173944803483672, 1.0898204839710435, 0.88798378008261203]
[0.70443305635613451, 0.62173944803483672, 1.0898204839710435, 0.88798378008261203]
[0.70443305635613451, 0.62173944803483672, 1.0898204839710435, 0.88798378008261203]
[0.70443305635613451, 0.62173944803483672, 1.0898204839710435, 0.88798378008261203]
[0.70443305635613451, 0.62173944803483672, 1.0898204839710435, 0.88798378008261203]
[0.70443305635613451, 0.62173944803483672, 1.0898204839710435, 0.88798378008261203]
[0.70443305635613451, 0.62173944803483672, 1.0898204839710435, 0.88798378008261203]
[0.70443305635613451, 0.62173944803483672, 1.0898204839710435, 0.88798378008261203]
[0.70443305635613451, 0.62173944803483672, 1.0898204839710435, 0.88798378008261203]
[0.70443305635613451, 0.62173944803483672, 1.0898204839710435, 0.88798378008261203]
[0.70443305635613451, 0.62173944803483672, 1.0898204839710435, 0.88798378008261203]
[0.70443305635613451, 0.62173944803483672, 1.0898204839710435, 0.88798378008261203]
[0.65462664409816618, 0.55916944815375524, 1.0964500101592674, 0.87866036767677347]
[0.65462664409816618, 0.55916944815375524, 1.0964500101592674, 0.87866036767677347]
[0.65462664409816618, 0.55916944815375524, 1.0964500101592674, 0.87866036767677347]
[0.65462664409816618, 0.55916944815375524, 1.0964500101592674, 0.87866036767677347]
[0.65462664409816618, 0.55916944815375524, 1.0964500101592674, 0.87866036767677347]
[0.58435843790840714, 0.49541724941492132, 1.0836995702020851, 0.86590992771959108]
[0.58435843790840714, 0.49541724941492132, 1.0836995702020851, 0.86590992771959108]
[0.58435843790840714, 0.49541724941492132, 1.0836995702020851, 0.86590992771959108]
[0.60673440771498732, 0.49950961282685202, 1.1041613875951664, 0.87000229113152172]
[0.63094316331589428, 0.50350710229325335, 1.1241488338449572, 0.87399978059792305]
[0.63094316331589428, 0.50350710229325335, 1.1241488338449572, 0.87399978059792305]
[0.63094316331589428, 0.50350710229325335, 1.1241488338449572, 0.87399978059792305]
[0.63094316331589428, 0.50350710229325335, 1.1241488338449572, 0.87399978059792305]
[0.63094316331589428, 0.50350710229325335, 1.1241488338449572, 0.87399978059792305]
[0.63094316331589428, 0.50350710229325335, 1.1241488338449572, 0.87399978059792305]
[0.63094316331589428, 0.50350710229325335, 1.1241488338449572, 0.87399978059792305]
[0.63094316331589428, 0.50350710229325335, 1.1241488338449572, 0.87399978059792305]
[0.63094316331589428, 0.50350710229325335, 1.1241488338449572, 0.87399978059792305]
[0.65344732776950964, 0.50747086164272104, 1.1439676302569577, 0.87796353994739074]
[0.65344732776950964, 0.50747086164272104, 1.1439676302569577, 0.87796353994739074]
[0.65344732776950964, 0.50747086164272104, 1.1439676302569577, 0.87796353994739074]
[0.65344732776950964, 0.50747086164272104, 1.1439676302569577, 0.87796353994739074]
[0.65344732776950964, 0.50747086164272104, 1.1439676302569577, 0.87796353994739074]
[0.57904328249681258, 0.49421188733437643, 1.130708655948613, 0.81166866840566776]
[0.57904328249681258, 0.49421188733437643, 1.130708655948613, 0.81166866840566776]
[0.57904328249681258, 0.49421188733437643, 1.130708655948613, 0.81166866840566776]
[0.57904328249681258, 0.49421188733437643, 1.130708655948613, 0.81166866840566776]
[0.57904328249681258, 0.49421188733437643, 1.130708655948613, 0.81166866840566776]
[0.37683863877000445, 0.31324622077966091, 1.0945155224416279, 0.77547553489868248]
[0.37683863877000445, 0.31324622077966091, 1.0945155224416279, 0.77547553489868248]
[0.37683863877000445, 0.31324622077966091, 1.0945155224416279, 0.77547553489868248]
[0.37683863877000445, 0.31324622077966091, 1.0945155224416279, 0.77547553489868248]
[0.40015387050767187, 0.31746378447595447, 1.1156033409230957, 0.77969309859497604]
[0.40015387050767187, 0.31746378447595447, 1.1156033409230957, 0.77969309859497604]
[0.40015387050767187, 0.31746378447595447, 1.1156033409230957, 0.77969309859497604]
[0.42254065911689564, 0.32162023651174626, 1.1363856004348762, 0.78384955063076789]
[0.42254065911689564, 0.32162023651174626, 1.1363856004348762, 0.78384955063076789]
[0.42254065911689564, 0.32162023651174626, 1.1363856004348762, 0.78384955063076789]
[0.42254065911689564, 0.32162023651174626, 1.1363856004348762, 0.78384955063076789]
[0.42254065911689564, 0.32162023651174626, 1.1363856004348762, 0.78384955063076789]
[0.42254065911689564, 0.32162023651174626, 1.1363856004348762, 0.78384955063076789]
[0.42254065911689564, 0.32162023651174626, 1.1363856004348762, 0.78384955063076789]
[0.42254065911689564, 0.32162023651174626, 1.1363856004348762, 0.78384955063076789]
[0.42254065911689564, 0.32162023651174626, 1.1363856004348762, 0.78384955063076789]
[0.44345992331589101, 0.32570562755665694, 1.1568125556594295, 0.78793494167567857]
[0.44345992331589101, 0.32570562755665694, 1.1568125556594295, 0.78793494167567857]
[0.44345992331589101, 0.32570562755665694, 1.1568125556594295, 0.78793494167567857]
[0.44345992331589101, 0.32570562755665694, 1.1568125556594295, 0.78793494167567857]
[0.44345992331589101, 0.32570562755665694, 1.1568125556594295, 0.78793494167567857]
[0.44345992331589101, 0.32570562755665694, 1.1568125556594295, 0.78793494167567857]
[0.44345992331589101, 0.32570562755665694, 1.1568125556594295, 0.78793494167567857]
[0.44345992331589101, 0.32570562755665694, 1.1568125556594295, 0.78793494167567857]
[0.44345992331589101, 0.32570562755665694, 1.1568125556594295, 0.78793494167567857]
[0.44345992331589101, 0.32570562755665694, 1.1568125556594295, 0.78793494167567857]
[0.44345992331589101, 0.32570562755665694, 1.1568125556594295, 0.78793494167567857]
[0.44345992331589101, 0.32570562755665694, 1.1568125556594295, 0.78793494167567857]
[0.44345992331589101, 0.32570562755665694, 1.1568125556594295, 0.78793494167567857]
[0.44345992331589101, 0.32570562755665694, 1.1568125556594295, 0.78793494167567857]
[0.44345992331589101, 0.32570562755665694, 1.1568125556594295, 0.78793494167567857]
[0.46579953499032067, 0.32972827444715985, 1.1769257901119441, 0.79195758856618148]
[0.46579953499032067, 0.32972827444715985, 1.1769257901119441, 0.79195758856618148]
[0.46579953499032067, 0.32972827444715985, 1.1769257901119441, 0.79195758856618148]
[0.46579953499032067, 0.32972827444715985, 1.1769257901119441, 0.79195758856618148]
[0.46579953499032067, 0.32972827444715985, 1.1769257901119441, 0.79195758856618148]
[0.46579953499032067, 0.32972827444715985, 1.1769257901119441, 0.79195758856618148]
[0.46579953499032067, 0.32972827444715985, 1.1769257901119441, 0.79195758856618148]
[0.46579953499032067, 0.32972827444715985, 1.1769257901119441, 0.79195758856618148]
[0.40128595310075382, 0.27621661802830966, 1.1662234584436431, 0.78125525689788056]
[0.40128595310075382, 0.27621661802830966, 1.1662234584436431, 0.78125525689788056]
[0.40128595310075382, 0.27621661802830966, 1.1662234584436431, 0.78125525689788056]
[0.40128595310075382, 0.27621661802830966, 1.1662234584436431, 0.78125525689788056]
[0.40128595310075382, 0.27621661802830966, 1.1662234584436431, 0.78125525689788056]
[0.35128595235569576, 0.27621661802830966, 1.1662234584436431, 0.78125525689788056]
[0.28668110086603299, 0.21758649276557709, 1.1544974331985591, 0.76952923165279663]
[0.28668110086603299, 0.21758649276557709, 1.1544974331985591, 0.76952923165279663]
[0.28668110086603299, 0.21758649276557709, 1.1544974331985591, 0.76952923165279663]
[0.28668110086603299, 0.21758649276557709, 1.1544974331985591, 0.76952923165279663]
[0.30968867440938563, 0.22168490659896833, 1.1749895023655152, 0.7736276454861879]
[0.30968867440938563, 0.22168490659896833, 1.1749895023655152, 0.7736276454861879]
[0.30968867440938563, 0.22168490659896833, 1.1749895023655152, 0.7736276454861879]
[0.30968867440938563, 0.22168490659896833, 1.1749895023655152, 0.7736276454861879]
[0.30968867440938563, 0.22168490659896833, 1.1749895023655152, 0.7736276454861879]
[0.30968867440938563, 0.22168490659896833, 1.1749895023655152, 0.7736276454861879]
[0.30968867440938563, 0.22168490659896833, 1.1749895023655152, 0.7736276454861879]
[0.30968867440938563, 0.22168490659896833, 1.1749895023655152, 0.7736276454861879]
[0.30968867440938563, 0.22168490659896833, 1.1749895023655152, 0.7736276454861879]
[0.30968867440938563, 0.22168490659896833, 1.1749895023655152, 0.7736276454861879]
[0.30968867440938563, 0.22168490659896833, 1.1749895023655152, 0.7736276454861879]
[0.30968867440938563, 0.22168490659896833, 1.1749895023655152, 0.7736276454861879]
[0.30968867440938563, 0.22168490659896833, 1.1749895023655152, 0.7736276454861879]
[0.30968867440938563, 0.22168490659896833, 1.1749895023655152, 0.7736276454861879]
[0.30968867440938563, 0.22168490659896833, 1.1749895023655152, 0.7736276454861879]
[0.30968867440938563, 0.22168490659896833, 1.1749895023655152, 0.7736276454861879]
[0.30968867440938563, 0.22168490659896833, 1.1749895023655152, 0.7736276454861879]
[0.331992469400894, 0.22572382566191976, 1.1951840970155676, 0.77766656454913929]
[0.331992469400894, 0.22572382566191976, 1.1951840970155676, 0.77766656454913929]
[0.331992469400894, 0.22572382566191976, 1.1951840970155676, 0.77766656454913929]
[0.331992469400894, 0.22572382566191976, 1.1951840970155676, 0.77766656454913929]
[0.331992469400894, 0.22572382566191976, 1.1951840970155676, 0.77766656454913929]
[0.36757408196627761, 0.25969870001174233, 1.2019790720976151, 0.7844615396311867]
[0.36757408196627761, 0.25969870001174233, 1.2019790720976151, 0.7844615396311867]
[0.30250963773615236, 0.19785202478466118, 1.1896097366643845, 0.77209220419795621]
[0.32362627981210296, 0.201861963638272, 1.2096594299884511, 0.77610214305156699]
[0.32362627981210296, 0.201861963638272, 1.2096594299884511, 0.77610214305156699]
[0.32362627981210296, 0.201861963638272, 1.2096594299884511, 0.77610214305156699]
[0.32362627981210296, 0.201861963638272, 1.2096594299884511, 0.77610214305156699]
[0.32362627981210296, 0.201861963638272, 1.2096594299884511, 0.77610214305156699]
[0.32362627981210296, 0.201861963638272, 1.2096594299884511, 0.77610214305156699]
[0.32362627981210296, 0.201861963638272, 1.2096594299884511, 0.77610214305156699]
[0.32362627981210296, 0.201861963638272, 1.2096594299884511, 0.77610214305156699]
[0.32362627981210296, 0.201861963638272, 1.2096594299884511, 0.77610214305156699]
[0.26182764281587378, 0.15208611749096668, 1.1997042607589901, 0.76614697382210595]
[0.26182764281587378, 0.15208611749096668, 1.1997042607589901, 0.76614697382210595]
[0.26182764281587378, 0.15208611749096668, 1.1997042607589901, 0.76614697382210595]
[0.26182764281587378, 0.15208611749096668, 1.1997042607589901, 0.76614697382210595]
[0.26182764281587378, 0.15208611749096668, 1.1997042607589901, 0.76614697382210595]
[0.26182764281587378, 0.15208611749096668, 1.1997042607589901, 0.76614697382210595]
[0.26182764281587378, 0.15208611749096668, 1.1997042607589901, 0.76614697382210595]
[0.26182764281587378, 0.15208611749096668, 1.1997042607589901, 0.76614697382210595]
[0.19999746192494666, 0.097222288070594395, 1.1887314945063789, 0.75517420756949494]
[0.19999746192494666, 0.097222288070594395, 1.1887314945063789, 0.75517420756949494]
[0.19999746192494666, 0.097222288070594395, 1.1887314945063789, 0.75517420756949494]
[0.19999746192494666, 0.097222288070594395, 1.1887314945063789, 0.75517420756949494]
[0.19999746192494666, 0.097222288070594395, 1.1887314945063789, 0.75517420756949494]
[0.19999746192494666, 0.097222288070594395, 1.1887314945063789, 0.75517420756949494]
[0.19999746192494666, 0.097222288070594395, 1.1887314945063789, 0.75517420756949494]
[0.19999746192494666, 0.097222288070594395, 1.1887314945063789, 0.75517420756949494]
[0.19999746192494666, 0.097222288070594395, 1.1887314945063789, 0.75517420756949494]
[0.19999746192494666, 0.097222288070594395, 1.1887314945063789, 0.75517420756949494]
[0.19999746192494666, 0.097222288070594395, 1.1887314945063789, 0.75517420756949494]
[0.19999746192494666, 0.097222288070594395, 1.1887314945063789, 0.75517420756949494]
[0.19999746192494666, 0.097222288070594395, 1.1887314945063789, 0.75517420756949494]
[0.19999746192494666, 0.097222288070594395, 1.1887314945063789, 0.75517420756949494]
[0.19999746192494666, 0.097222288070594395, 1.1887314945063789, 0.75517420756949494]
[0.19999746192494666, 0.097222288070594395, 1.1887314945063789, 0.75517420756949494]
[0.19999746192494666, 0.097222288070594395, 1.1887314945063789, 0.75517420756949494]
[0.19999746192494666, 0.097222288070594395, 1.1887314945063789, 0.75517420756949494]
[0.19999746192494666, 0.097222288070594395, 1.1887314945063789, 0.75517420756949494]
[0.19999746192494666, 0.097222288070594395, 1.1887314945063789, 0.75517420756949494]
[0.19999746192494666, 0.097222288070594395, 1.1887314945063789, 0.75517420756949494]
[0.19999746192494666, 0.097222288070594395, 1.1887314945063789, 0.75517420756949494]
[0.19999746192494666, 0.097222288070594395, 1.1887314945063789, 0.75517420756949494]
[0.19999746192494666, 0.097222288070594395, 1.1887314945063789, 0.75517420756949494]
[0.19999746192494666, 0.097222288070594395, 1.1887314945063789, 0.75517420756949494]
[0.19999746192494666, 0.097222288070594395, 1.1887314945063789, 0.75517420756949494]
[0.19999746192494666, 0.097222288070594395, 1.1887314945063789, 0.75517420756949494]
[0.19999746192494666, 0.097222288070594395, 1.1887314945063789, 0.75517420756949494]
[0.19999746192494666, 0.097222288070594395, 1.1887314945063789, 0.75517420756949494]
[0.19999746192494666, 0.097222288070594395, 1.1887314945063789, 0.75517420756949494]
[0.19999746192494666, 0.097222288070594395, 1.1887314945063789, 0.75517420756949494]
[0.16143630757795577, 0.044673235294584203, 1.1978074463867023, 0.74792869065777945]
[0.16143630757795577, 0.044673235294584203, 1.1978074463867023, 0.74792869065777945]
[0.16143630757795577, 0.044673235294584203, 1.1978074463867023, 0.74792869065777945]
[0.16143630757795577, 0.044673235294584203, 1.1978074463867023, 0.74792869065777945]
[0.16143630757795577, 0.044673235294584203, 1.1978074463867023, 0.74792869065777945]
[0.1017441375615491, -0.0094836486275905671, 1.1869760694243709, 0.73709731369544795]
[0.1017441375615491, -0.0094836486275905671, 1.1869760694243709, 0.73709731369544795]
[0.1017441375615491, -0.0094836486275905671, 1.1869760694243709, 0.73709731369544795]
[0.12449657838027083, -0.0053224320571573572, 1.2077821526155748, 0.74125853026588118]
[0.14905837361480723, -0.0012666466485803732, 1.2280610785604618, 0.74531431567445816]
[0.14905837361480723, -0.0012666466485803732, 1.2280610785604618, 0.74531431567445816]
[0.14905837361480723, -0.0012666466485803732, 1.2280610785604618, 0.74531431567445816]
[0.14905837361480723, -0.0012666466485803732, 1.2280610785604618, 0.74531431567445816]
[0.14905837361480723, -0.0012666466485803732, 1.2280610785604618, 0.74531431567445816]
[0.14905837361480723, -0.0012666466485803732, 1.2280610785604618, 0.74531431567445816]
[0.14905837361480723, -0.0012666466485803732, 1.2280610785604618, 0.74531431567445816]
[0.14905837361480723, -0.0012666466485803732, 1.2280610785604618, 0.74531431567445816]
[0.14905837361480723, -0.0012666466485803732, 1.2280610785604618, 0.74531431567445816]
[0.14905837361480723, -0.0012666466485803732, 1.2280610785604618, 0.74531431567445816]
[0.14905837361480723, -0.0012666466485803732, 1.2280610785604618, 0.74531431567445816]
[0.14905837361480723, -0.0012666466485803732, 1.2280610785604618, 0.74531431567445816]
[0.14905837361480723, -0.0012666466485803732, 1.2280610785604618, 0.74531431567445816]
[0.11226152657186358, -0.051976163125003548, 1.2372641438720846, 0.73839657372227219]
[0.11226152657186358, -0.051976163125003548, 1.2372641438720846, 0.73839657372227219]
[0.11226152657186358, -0.051976163125003548, 1.2372641438720846, 0.73839657372227219]
[0.11226152657186358, -0.051976163125003548, 1.2372641438720846, 0.73839657372227219]
[0.11226152657186358, -0.051976163125003548, 1.2372641438720846, 0.73839657372227219]
[0.054554182664111057, -0.10433227489996807, 1.2267929213451103, 0.727925351195298]
[0.054554182664111057, -0.10433227489996807, 1.2267929213451103, 0.727925351195298]
[0.054554182664111057, -0.10433227489996807, 1.2267929213451103, 0.727925351195298]
[0.077001257130530104, -0.10022690708595527, 1.2473197607496618, 0.73203071900931083]
[0.10127675203386653, -0.09621839724069374, 1.2673623088907702, 0.7360392288545724]
[0.10127675203386653, -0.09621839724069374, 1.2673623088907702, 0.7360392288545724]
[0.10127675203386653, -0.09621839724069374, 1.2673623088907702, 0.7360392288545724]
[0.10127675203386653, -0.09621839724069374, 1.2673623088907702, 0.7360392288545724]
[0.10127675203386653, -0.09621839724069374, 1.2673623088907702, 0.7360392288545724]
[0.10127675203386653, -0.09621839724069374, 1.2673623088907702, 0.7360392288545724]
[0.10127675203386653, -0.09621839724069374, 1.2673623088907702, 0.7360392288545724]
[0.10127675203386653, -0.09621839724069374, 1.2673623088907702, 0.7360392288545724]
[0.10127675203386653, -0.09621839724069374, 1.2673623088907702, 0.7360392288545724]
[0.12384766526398333, -0.092242881130051066, 1.2872398891076506, 0.74001474496521502]
[0.12384766526398333, -0.092242881130051066, 1.2872398891076506, 0.74001474496521502]
[0.12384766526398333, -0.092242881130051066, 1.2872398891076506, 0.74001474496521502]
[0.12384766526398333, -0.092242881130051066, 1.2872398891076506, 0.74001474496521502]
[0.12384766526398333, -0.092242881130051066, 1.2872398891076506, 0.74001474496521502]
[0.053443799514537219, -0.10478901412266935, 1.2746937561150324, 0.67728408000212359]
[0.053443799514537219, -0.10478901412266935, 1.2746937561150324, 0.67728408000212359]
[0.053443799514537219, -0.10478901412266935, 1.2746937561150324, 0.67728408000212359]
[0.053443799514537219, -0.10478901412266935, 1.2746937561150324, 0.67728408000212359]
[0.053443799514537219, -0.10478901412266935, 1.2746937561150324, 0.67728408000212359]
[0.053443799514537219, -0.10478901412266935, 1.2746937561150324, 0.67728408000212359]
[0.053443799514537219, -0.10478901412266935, 1.2746937561150324, 0.67728408000212359]
[0.053443799514537219, -0.10478901412266935, 1.2746937561150324, 0.67728408000212359]
[0.053443799514537219, -0.10478901412266935, 1.2746937561150324, 0.67728408000212359]
[0.053443799514537219, -0.10478901412266935, 1.2746937561150324, 0.67728408000212359]
[0.053443799514537219, -0.10478901412266935, 1.2746937561150324, 0.67728408000212359]
[0.053443799514537219, -0.10478901412266935, 1.2746937561150324, 0.67728408000212359]
[0.050004832128240348, -0.10962292619592966, 1.2756447945706413, 0.67663693439064088]
[0.050004832128240348, -0.10962292619592966, 1.2756447945706413, 0.67663693439064088]
[0.050004832128240348, -0.10962292619592966, 1.2756447945706413, 0.67663693439064088]
[0.050004832128240348, -0.10962292619592966, 1.2756447945706413, 0.67663693439064088]
[0.050004832128240348, -0.10962292619592966, 1.2756447945706413, 0.67663693439064088]
[0.044372181335828452, -0.11473325833924014, 1.2746227281251925, 0.67561486794519221]
[0.044372181335828452, -0.11473325833924014, 1.2746227281251925, 0.67561486794519221]
[0.044372181335828452, -0.11473325833924014, 1.2746227281251925, 0.67561486794519221]
[0.046560989366039633, -0.11433294505780453, 1.2766242945649864, 0.67601518122662785]
[0.048965327472224013, -0.1139359268710135, 1.2786093853914593, 0.6764121994134189]
[0.048965327472224013, -0.1139359268710135, 1.2786093853914593, 0.6764121994134189]
[0.048965327472224013, -0.1139359268710135, 1.2786093853914593, 0.6764121994134189]
[0.048965327472224013, -0.1139359268710135, 1.2786093853914593, 0.6764121994134189]
[0.048965327472224013, -0.1139359268710135, 1.2786093853914593, 0.6764121994134189]
[0.048965327472224013, -0.1139359268710135, 1.2786093853914593, 0.6764121994134189]
[0.048965327472224013, -0.1139359268710135, 1.2786093853914593, 0.6764121994134189]
[0.048965327472224013, -0.1139359268710135, 1.2786093853914593, 0.6764121994134189]
[0.048965327472224013, -0.1139359268710135, 1.2786093853914593, 0.6764121994134189]
[0.051228949903987839, -0.11353722490649212, 1.2806028951803357, 0.67681090137794031]
[0.051228949903987839, -0.11353722490649212, 1.2806028951803357, 0.67681090137794031]
[0.051228949903987839, -0.11353722490649212, 1.2806028951803357, 0.67681090137794031]
[0.051228949903987839, -0.11353722490649212, 1.2806028951803357, 0.67681090137794031]
[0.051228949903987839, -0.11353722490649212, 1.2806028951803357, 0.67681090137794031]
[0.044315924740076326, -0.11476914210541998, 1.2793709779814078, 0.67065131538330103]
[0.044315924740076326, -0.11476914210541998, 1.2793709779814078, 0.67065131538330103]
[0.044315924740076326, -0.11476914210541998, 1.2793709779814078, 0.67065131538330103]
[0.044315924740076326, -0.11476914210541998, 1.2793709779814078, 0.67065131538330103]
[0.044315924740076326, -0.11476914210541998, 1.2793709779814078, 0.67065131538330103]
[0.027516431595191748, -0.12980178785021085, 1.2763644488158337, 0.66764478621772683]
[0.027516431595191748, -0.12980178785021085, 1.2763644488158337, 0.66764478621772683]
[0.027516431595191748, -0.12980178785021085, 1.2763644488158337, 0.66764478621772683]
[0.027516431595191748, -0.12980178785021085, 1.2763644488158337, 0.66764478621772683]
[0.029733602671143361, -0.12940071698187811, 1.2783698031574975, 0.66804585708605957]
[0.029733602671143361, -0.12940071698187811, 1.2783698031574975, 0.66804585708605957]
[0.029733602671143361, -0.12940071698187811, 1.2783698031574975, 0.66804585708605957]
[0.029733602671143361, -0.12940071698187811, 1.2783698031574975, 0.66804585708605957]
[0.029733602671143361, -0.12940071698187811, 1.2783698031574975, 0.66804585708605957]
[0.029733602671143361, -0.12940071698187811, 1.2783698031574975, 0.66804585708605957]
[0.029733602671143361, -0.12940071698187811, 1.2783698031574975, 0.66804585708605957]
[0.029733602671143361, -0.12940071698187811, 1.2783698031574975, 0.66804585708605957]
[0.029733602671143361, -0.12940071698187811, 1.2783698031574975, 0.66804585708605957]
[0.026357833466892331, -0.13417976973080903, 1.2793359909102338, 0.66741037957830995]
[0.026357833466892331, -0.13417976973080903, 1.2793359909102338, 0.66741037957830995]
[0.026357833466892331, -0.13417976973080903, 1.2793359909102338, 0.66741037957830995]
[0.026357833466892331, -0.13417976973080903, 1.2793359909102338, 0.66741037957830995]
[0.026357833466892331, -0.13417976973080903, 1.2793359909102338, 0.66741037957830995]
[0.020782376329149133, -0.13923821181691223, 1.2783243024763971, 0.66639869114447314]
[0.020782376329149133, -0.13923821181691223, 1.2783243024763971, 0.66639869114447314]
[0.020782376329149133, -0.13923821181691223, 1.2783243024763971, 0.66639869114447314]
[0.022975964466758082, -0.13883702429687206, 1.2803302401092851, 0.66679987866451329]
[0.025384905216640479, -0.13843924609498551, 1.2823191310110298, 0.66719765686639987]
[0.025384905216640479, -0.13843924609498551, 1.2823191310110298, 0.66719765686639987]
[0.025384905216640479, -0.13843924609498551, 1.2823191310110298, 0.66719765686639987]
[0.025384905216640479, -0.13843924609498551, 1.2823191310110298, 0.66719765686639987]
[0.025384905216640479, -0.13843924609498551, 1.2823191310110298, 0.66719765686639987]
[0.025384905216640479, -0.13843924609498551, 1.2823191310110298, 0.66719765686639987]
[0.025384905216640479, -0.13843924609498551, 1.2823191310110298, 0.66719765686639987]
[0.025384905216640479, -0.13843924609498551, 1.2823191310110298, 0.66719765686639987]
[0.025384905216640479, -0.13843924609498551, 1.2823191310110298, 0.66719765686639987]
[0.027653229189264474, -0.13803971602699999, 1.2843167813171568, 0.66759718693438541]
[0.027653229189264474, -0.13803971602699999, 1.2843167813171568, 0.66759718693438541]
[0.027653229189264474, -0.13803971602699999, 1.2843167813171568, 0.66759718693438541]
[0.027653229189264474, -0.13803971602699999, 1.2843167813171568, 0.66759718693438541]
[0.027653229189264474, -0.13803971602699999, 1.2843167813171568, 0.66759718693438541]
[0.020765334481025053, -0.13926715492014632, 1.2830893424240104, 0.66145999246865372]
[0.020765334481025053, -0.13926715492014632, 1.2830893424240104, 0.66145999246865372]
[0.020765334481025053, -0.13926715492014632, 1.2830893424240104, 0.66145999246865372]
[0.020765334481025053, -0.13926715492014632, 1.2830893424240104, 0.66145999246865372]
[0.020765334481025053, -0.13926715492014632, 1.2830893424240104, 0.66145999246865372]
[0.0041345163660473933, -0.15414882384494691, 1.2801130086225982, 0.65848365866724146]
[0.0041345163660473933, -0.15414882384494691, 1.2801130086225982, 0.65848365866724146]
[0.0041345163660473933, -0.15414882384494691, 1.2801130086225982, 0.65848365866724146]
[0.0041345163660473933, -0.15414882384494691, 1.2801130086225982, 0.65848365866724146]
[0.0063563186140865591, -0.15374691522970743, 1.2821225516987957, 0.65888556728248093]
[0.0063563186140865591, -0.15374691522970743, 1.2821225516987957, 0.65888556728248093]
[0.0063563186140865591, -0.15374691522970743, 1.2821225516987957, 0.65888556728248093]
[0.0085180390695365968, -0.15334555853917406, 1.2841293350870382, 0.65928692397301425]
[0.0085180390695365968, -0.15334555853917406, 1.2841293350870382, 0.65928692397301425]
[0.0085180390695365968, -0.15334555853917406, 1.2841293350870382, 0.65928692397301425]
[0.0085180390695365968, -0.15334555853917406, 1.2841293350870382, 0.65928692397301425]
[0.0085180390695365968, -0.15334555853917406, 1.2841293350870382, 0.65928692397301425]
[0.0085180390695365968, -0.15334555853917406, 1.2841293350870382, 0.65928692397301425]
[0.0085180390695365968, -0.15334555853917406, 1.2841293350870382, 0.65928692397301425]
[0.0085180390695365968, -0.15334555853917406, 1.2841293350870382, 0.65928692397301425]
[0.0085180390695365968, -0.15334555853917406, 1.2841293350870382, 0.65928692397301425]
[0.010565176055481107, -0.1529457665087027, 1.2861282952393949, 0.65968671600348561]
[0.010565176055481107, -0.1529457665087027, 1.2861282952393949, 0.65968671600348561]
[0.010565176055481107, -0.1529457665087027, 1.2861282952393949, 0.65968671600348561]
[0.010565176055481107, -0.1529457665087027, 1.2861282952393949, 0.65968671600348561]
[0.010565176055481107, -0.1529457665087027, 1.2861282952393949, 0.65968671600348561]
[0.010565176055481107, -0.1529457665087027, 1.2861282952393949, 0.65968671600348561]
[0.010565176055481107, -0.1529457665087027, 1.2861282952393949, 0.65968671600348561]
[0.010565176055481107, -0.1529457665087027, 1.2861282952393949, 0.65968671600348561]
[0.010565176055481107, -0.1529457665087027, 1.2861282952393949, 0.65968671600348561]
[0.010565176055481107, -0.1529457665087027, 1.2861282952393949, 0.65968671600348561]
[0.010565176055481107, -0.1529457665087027, 1.2861282952393949, 0.65968671600348561]
[0.010565176055481107, -0.1529457665087027, 1.2861282952393949, 0.65968671600348561]
[0.010565176055481107, -0.1529457665087027, 1.2861282952393949, 0.65968671600348561]
[0.010565176055481107, -0.1529457665087027, 1.2861282952393949, 0.65968671600348561]
[0.010565176055481107, -0.1529457665087027, 1.2861282952393949, 0.65968671600348561]
[0.012786715656634338, -0.15254573854496969, 1.28812843505806, 0.66008674396721856]
[0.012786715656634338, -0.15254573854496969, 1.28812843505806, 0.66008674396721856]
[0.012786715656634338, -0.15254573854496969, 1.28812843505806, 0.66008674396721856]
[0.012786715656634338, -0.15254573854496969, 1.28812843505806, 0.66008674396721856]
[0.012786715656634338, -0.15254573854496969, 1.28812843505806, 0.66008674396721856]
[0.012786715656634338, -0.15254573854496969, 1.28812843505806, 0.66008674396721856]
[0.012786715656634338, -0.15254573854496969, 1.28812843505806, 0.66008674396721856]
[0.012786715656634338, -0.15254573854496969, 1.28812843505806, 0.66008674396721856]
[0.0072971626884685949, -0.15709912193683295, 1.2872177583469671, 0.65917606725612565]
[0.0072971626884685949, -0.15709912193683295, 1.2872177583469671, 0.65917606725612565]
[0.0072971626884685949, -0.15709912193683295, 1.2872177583469671, 0.65917606725612565]
[0.0072971626884685949, -0.15709912193683295, 1.2872177583469671, 0.65917606725612565]
[0.0072971626884685949, -0.15709912193683295, 1.2872177583469671, 0.65917606725612565]
[0.0072971626884685949, -0.15709912193683295, 1.2872177583469671, 0.65917606725612565]
[0.0072971626884685949, -0.15709912193683295, 1.2872177583469671, 0.65917606725612565]
[0.0072971626884685949, -0.15709912193683295, 1.2872177583469671, 0.65917606725612565]
[0.0094854384680860774, -0.15669904875640658, 1.2892181242164911, 0.65957614043655199]
[0.0094854384680860774, -0.15669904875640658, 1.2892181242164911, 0.65957614043655199]
[0.0094854384680860774, -0.15669904875640658, 1.2892181242164911, 0.65957614043655199]
[0.0094854384680860774, -0.15669904875640658, 1.2892181242164911, 0.65957614043655199]
[0.0094854384680860774, -0.15669904875640658, 1.2892181242164911, 0.65957614043655199]
[0.0094854384680860774, -0.15669904875640658, 1.2892181242164911, 0.65957614043655199]
[0.0094854384680860774, -0.15669904875640658, 1.2892181242164911, 0.65957614043655199]
[0.0039791156839425199, -0.16150590754136229, 1.2882567524759101, 0.65861476869597102]
[0.0039791156839425199, -0.16150590754136229, 1.2882567524759101, 0.65861476869597102]
[0.0039791156839425199, -0.16150590754136229, 1.2882567524759101, 0.65861476869597102]
[0.0039791156839425199, -0.16150590754136229, 1.2882567524759101, 0.65861476869597102]
[0.0039791156839425199, -0.16150590754136229, 1.2882567524759101, 0.65861476869597102]
[0.0039791156839425199, -0.16150590754136229, 1.2882567524759101, 0.65861476869597102]
[0.0039791156839425199, -0.16150590754136229, 1.2882567524759101, 0.65861476869597102]
[0.0039791156839425199, -0.16150590754136229, 1.2882567524759101, 0.65861476869597102]
[0.0039791156839425199, -0.16150590754136229, 1.2882567524759101, 0.65861476869597102]
[0.0039791156839425199, -0.16150590754136229, 1.2882567524759101, 0.65861476869597102]
[0.0039791156839425199, -0.16150590754136229, 1.2882567524759101, 0.65861476869597102]
[0.0039791156839425199, -0.16150590754136229, 1.2882567524759101, 0.65861476869597102]
[0.0039791156839425199, -0.16150590754136229, 1.2882567524759101, 0.65861476869597102]
[0.0039791156839425199, -0.16150590754136229, 1.2882567524759101, 0.65861476869597102]
[0.0039791156839425199, -0.16150590754136229, 1.2882567524759101, 0.65861476869597102]
[0.0039791156839425199, -0.16150590754136229, 1.2882567524759101, 0.65861476869597102]
[0.0039791156839425199, -0.16150590754136229, 1.2882567524759101, 0.65861476869597102]
[0.0039791156839425199, -0.16150590754136229, 1.2882567524759101, 0.65861476869597102]
[0.0039791156839425199, -0.16150590754136229, 1.2882567524759101, 0.65861476869597102]
[0.0039791156839425199, -0.16150590754136229, 1.2882567524759101, 0.65861476869597102]
[0.0039791156839425199, -0.16150590754136229, 1.2882567524759101, 0.65861476869597102]
[0.0056270877540127327, -0.16610468861787769, 1.2892572435959362, 0.65801505371691027]
[0.0056270877540127327, -0.16610468861787769, 1.2892572435959362, 0.65801505371691027]
[0.0056270877540127327, -0.16610468861787769, 1.2892572435959362, 0.65801505371691027]
[0.0056270877540127327, -0.16610468861787769, 1.2892572435959362, 0.65801505371691027]
[0.0056270877540127327, -0.16610468861787769, 1.2892572435959362, 0.65801505371691027]
[0.0056270877540127327, -0.16610468861787769, 1.2892572435959362, 0.65801505371691027]
[0.0056270877540127327, -0.16610468861787769, 1.2892572435959362, 0.65801505371691027]
[0.0056270877540127327, -0.16610468861787769, 1.2892572435959362, 0.65801505371691027]
[0.0056270877540127327, -0.16610468861787769, 1.2892572435959362, 0.65801505371691027]
[0.0056270877540127327, -0.16610468861787769, 1.2892572435959362, 0.65801505371691027]
[0.0056270877540127327, -0.16610468861787769, 1.2892572435959362, 0.65801505371691027]
[0.0056270877540127327, -0.16610468861787769, 1.2892572435959362, 0.65801505371691027]
[0.0056270877540127327, -0.16610468861787769, 1.2892572435959362, 0.65801505371691027]
[0.0056270877540127327, -0.16610468861787769, 1.2892572435959362, 0.65801505371691027]
[0.0056270877540127327, -0.16610468861787769, 1.2892572435959362, 0.65801505371691027]
[0.0056270877540127327, -0.16610468861787769, 1.2892572435959362, 0.65801505371691027]
[0.0056270877540127327, -0.16610468861787769, 1.2892572435959362, 0.65801505371691027]
[0.0056270877540127327, -0.16610468861787769, 1.2892572435959362, 0.65801505371691027]
[0.0056270877540127327, -0.16610468861787769, 1.2892572435959362, 0.65801505371691027]
[0.0056270877540127327, -0.16610468861787769, 1.2892572435959362, 0.65801505371691027]
[0.0056270877540127327, -0.16610468861787769, 1.2892572435959362, 0.65801505371691027]
[0.0050838619673961539, -0.17152548731882164, 1.2881730838392274, 0.65693089396020143]
[0.0050838619673961539, -0.17152548731882164, 1.2881730838392274, 0.65693089396020143]
[0.0050838619673961539, -0.17152548731882164, 1.2881730838392274, 0.65693089396020143]
[8.3861892890347775e-05, -0.17152548731882164, 1.2881730838392274, 0.65693089396020143]
[8.3861892890347775e-05, -0.17152548731882164, 1.2881730838392274, 0.65693089396020143]
[8.3861892890347775e-05, -0.17152548731882164, 1.2881730838392274, 0.65693089396020143]
[8.3861892890347775e-05, -0.17152548731882164, 1.2881730838392274, 0.65693089396020143]
[8.3861892890347775e-05, -0.17152548731882164, 1.2881730838392274, 0.65693089396020143]
[8.3861892890347775e-05, -0.17152548731882164, 1.2881730838392274, 0.65693089396020143]
[8.3861892890347775e-05, -0.17152548731882164, 1.2881730838392274, 0.65693089396020143]
[8.3861892890347775e-05, -0.17152548731882164, 1.2881730838392274, 0.65693089396020143]
[0.0021535851019549774, -0.17112537825372151, 1.2901736290722041, 0.65733100302530156]
[0.0021535851019549774, -0.17112537825372151, 1.2901736290722041, 0.65733100302530156]
[0.0021535851019549774, -0.17112537825372151, 1.2901736290722041, 0.65733100302530156]
[0.0021535851019549774, -0.17112537825372151, 1.2901736290722041, 0.65733100302530156]
[0.0021535851019549774, -0.17112537825372151, 1.2901736290722041, 0.65733100302530156]
[-0.0033117379879278245, -0.17580197517267238, 1.2892383096395501, 0.65639568359264755]
[-0.0033117379879278245, -0.17580197517267238, 1.2892383096395501, 0.65639568359264755]
[-0.0033117379879278245, -0.17580197517267238, 1.2892383096395501, 0.65639568359264755]
[-0.0033117379879278245, -0.17580197517267238, 1.2892383096395501, 0.65639568359264755]
[-0.0010814606987654143, -0.17540137862016889, 1.2912412923356003, 0.65679628014515101]
[-0.0065808748771515463, -0.18055291745479485, 1.2902109845195064, 0.6557659723290572]
[-0.0065808748771515463, -0.18055291745479485, 1.2902109845195064, 0.6557659723290572]
[-0.012098687879329696, -0.18605665704120627, 1.2891102366022242, 0.65466522441177488]
[-0.012098687879329696, -0.18605665704120627, 1.2891102366022242, 0.65466522441177488]
[-0.012098687879329696, -0.18605665704120627, 1.2891102366022242, 0.65466522441177488]
[-0.012098687879329696, -0.18605665704120627, 1.2891102366022242, 0.65466522441177488]
[-0.012098687879329696, -0.18605665704120627, 1.2891102366022242, 0.65466522441177488]
[-0.012098687879329696, -0.18605665704120627, 1.2891102366022242, 0.65466522441177488]
[-0.012098687879329696, -0.18605665704120627, 1.2891102366022242, 0.65466522441177488]
[-0.012098687879329696, -0.18605665704120627, 1.2891102366022242, 0.65466522441177488]
[-0.012098687879329696, -0.18605665704120627, 1.2891102366022242, 0.65466522441177488]
[-0.012098687879329696, -0.18605665704120627, 1.2891102366022242, 0.65466522441177488]
[-0.012098687879329696, -0.18605665704120627, 1.2891102366022242, 0.65466522441177488]
[-0.012098687879329696, -0.18605665704120627, 1.2891102366022242, 0.65466522441177488]
[-0.012098687879329696, -0.18605665704120627, 1.2891102366022242, 0.65466522441177488]
[-0.012098687879329696, -0.18605665704120627, 1.2891102366022242, 0.65466522441177488]
[-0.012098687879329696, -0.18605665704120627, 1.2891102366022242, 0.65466522441177488]
[-0.023007553595638417, -0.19601088314056578, 1.2871193913335088, 0.65267437914305948]
[-0.033408588657672648, -0.20053827550813214, 1.2862139128117065, 0.65176890062125714]
[-0.038408588732178457, -0.20053827550813214, 1.2862139128117065, 0.65176890062125714]
[-0.049246884369907255, -0.21042799954633634, 1.2842359679555422, 0.64979095576509283]
[-0.047223022144421728, -0.21002472932038577, 1.2862523190551371, 0.65019422599104337]
[-0.047223022144421728, -0.21002472932038577, 1.2862523190551371, 0.65019422599104337]
[-0.052658567205206688, -0.21538553716578815, 1.2851801575022559, 0.64912206443816212]
[-0.052658567205206688, -0.21538553716578815, 1.2851801575022559, 0.64912206443816212]
[-0.05805740790452496, -0.22042354899578606, 1.2841725551523462, 0.6481144620882523]
[-0.062323184107413304, -0.23016652020126865, 1.2850727370566721, 0.64664066388266928]
[-0.063142235145190087, -0.23466163649230848, 1.2880664258071985, 0.64639042597262109]
[-0.063142235145190087, -0.23466163649230848, 1.2880664258071985, 0.64639042597262109]
[-0.063142235145190087, -0.23466163649230848, 1.2880664258071985, 0.64639042597262109]
[-0.063142235145190087, -0.23466163649230848, 1.2880664258071985, 0.64639042597262109]
[-0.065893074145136468, -0.23425679425285309, 1.2900906369374452, 0.64679526821207645]
[-0.071236523921341194, -0.2390620492819151, 1.2891295858997833, 0.64583421717441458]
[-0.074500564565642871, -0.24349865553131672, 1.2901836567550891, 0.64527046124593201]
[-0.074500564565642871, -0.24349865553131672, 1.2901836567550891, 0.64527046124593201]
[-0.074500564565642871, -0.24349865553131672, 1.2901836567550891, 0.64527046124593201]
[-0.074500564565642871, -0.24349865553131672, 1.2901836567550891, 0.64527046124593201]
[-0.074500564565642871, -0.24349865553131672, 1.2901836567550891, 0.64527046124593201]
[-0.069500564491137062, -0.24349865553131672, 1.2901836567550891, 0.64527046124593201]
[-0.074822313734825369, -0.24827835081664479, 1.2892277176980234, 0.64431452218886642]
[-0.074822313734825369, -0.24827835081664479, 1.2892277176980234, 0.64431452218886642]
[-0.071616680692785525, -0.24771484238622962, 1.2897912261284386, 0.64713206424540692]
[-0.08223994878552103, -0.25739618789424507, 1.2878549570584954, 0.64519579517546366]
[-0.080203922728985466, -0.25699073849464066, 1.2898822040565177, 0.64560124457506807]
[-0.080203922728985466, -0.25699073849464066, 1.2898822040565177, 0.64560124457506807]
[-0.093531403254402873, -0.26646268262513695, 1.2899371872580205, 0.64403175100796228]
[-0.093531403254402873, -0.26646268262513695, 1.2899371872580205, 0.64403175100796228]
[-0.093531403254402873, -0.26646268262513695, 1.2899371872580205, 0.64403175100796228]
[-0.093531403254402873, -0.26646268262513695, 1.2899371872580205, 0.64403175100796228]
[-0.093531403254402873, -0.26646268262513695, 1.2899371872580205, 0.64403175100796228]
[-0.091196303777319063, -0.26605741498834812, 1.2919635253375776, 0.64443701864475111]
[-0.091196303777319063, -0.26605741498834812, 1.2919635253375776, 0.64443701864475111]
[-0.088975428934966919, -0.26565158177805515, 1.2939926913890425, 0.64484285185504409]
[-0.088975428934966919, -0.26565158177805515, 1.2939926913890425, 0.64484285185504409]
[-0.088975428934966919, -0.26565158177805515, 1.2939926913890425, 0.64484285185504409]
[-0.088975428934966919, -0.26565158177805515, 1.2939926913890425, 0.64484285185504409]
[-0.086729963446101566, -0.26524654066077158, 1.2960178969085403, 0.64524789297232765]
[-0.089669427494787193, -0.26949866435333431, 1.2971035677379752, 0.64472015084156875]
[-0.089669427494787193, -0.26949866435333431, 1.2971035677379752, 0.64472015084156875]
[-0.089669427494787193, -0.26949866435333431, 1.2971035677379752, 0.64472015084156875]
[-0.09492961411125278, -0.27411097783046462, 1.2961811049955194, 0.64379768809911297]
[-0.092874746077477005, -0.27370664096272318, 1.2982027892423669, 0.64420202496685441]
[-0.092874746077477005, -0.27370664096272318, 1.2982027892423669, 0.64420202496685441]
[-0.098131192157817834, -0.27841120584742529, 1.2972618762810919, 0.64326111200557945]
[-0.10313119223232364, -0.27841120584742529, 1.2972618762810919, 0.64326111200557945]
[-0.10766947001545407, -0.27918468096736349, 1.2981086532783757, 0.63777348462394923]
[-0.10766947001545407, -0.27918468096736349, 1.2981086532783757, 0.63777348462394923]
[-0.10766947001545407, -0.27918468096736349, 1.2981086532783757, 0.63777348462394923]
[-0.10766947001545407, -0.27918468096736349, 1.2981086532783757, 0.63777348462394923]
[-0.10766947001545407, -0.27918468096736349, 1.2981086532783757, 0.63777348462394923]
[-0.10766947001545407, -0.27918468096736349, 1.2981086532783757, 0.63777348462394923]
[-0.10310279895725767, -0.27899624271459333, 1.2982970915311458, 0.63871567585377553]
[-0.11356821024516893, -0.28820440623546373, 1.2964554588113681, 0.63687404313399776]
[-0.11356821024516893, -0.28820440623546373, 1.2964554588113681, 0.63687404313399776]
[-0.11878938329992103, -0.29290094887047385, 1.2955161502999264, 0.63593473462255601]
[-0.11651617209791966, -0.29249445317763367, 1.2975486287302538, 0.63634123031539624]
[-0.11651617209791966, -0.29249445317763367, 1.2975486287302538, 0.63634123031539624]
[-0.11651617209791966, -0.29249445317763367, 1.2975486287302538, 0.63634123031539624]
[-0.11651617209791966, -0.29249445317763367, 1.2975486287302538, 0.63634123031539624]
[-0.12151617217242547, -0.29249445317763367, 1.2975486287302538, 0.63634123031539624]
[-0.11924949629404362, -0.29208854660118294, 1.2995781616462836, 0.63674713689184692]
[-0.12747969219055968, -0.30164854366266186, 1.2996193732555863, 0.63516067266277432]
[-0.12747969219055968, -0.30164854366266186, 1.2996193732555863, 0.63516067266277432]
[-0.12747969219055968, -0.30164854366266186, 1.2996193732555863, 0.63516067266277432]
[-0.11552501010225011, -0.3012011737557882, 1.3016878558208316, 0.63577640950373771]
[-0.11552501010225011, -0.3012011737557882, 1.3016878558208316, 0.63577640950373771]
[-0.11552501010225011, -0.3012011737557882, 1.3016878558208316, 0.63577640950373771]
[-0.11552501010225011, -0.3012011737557882, 1.3016878558208316, 0.63577640950373771]
[-0.11552501010225011, -0.3012011737557882, 1.3016878558208316, 0.63577640950373771]
[-0.11327171597757207, -0.30079582839180752, 1.3037145825735814, 0.63618175486771833]
[-0.11327171597757207, -0.30079582839180752, 1.3037145825735814, 0.63618175486771833]
[-0.10898425786960143, -0.29998669492542462, 1.3077602497138316, 0.63699088833410122]
[-0.10898425786960143, -0.29998669492542462, 1.3077602497138316, 0.63699088833410122]
[-0.11398573563632725, -0.29998740001928909, 1.3077595446199672, 0.63698736286485169]
[-0.11398573563632725, -0.29998740001928909, 1.3077595446199672, 0.63698736286485169]
[-0.11920225004279471, -0.30507122755900384, 1.3067427790809314, 0.63597059732581585]
[-0.11690805379512223, -0.30466757250211279, 1.3087610543653865, 0.63637425238270684]
[-0.12209305121954254, -0.30921960352942973, 1.3078506481290182, 0.63546384614633844]
[-0.12209305121954254, -0.30921960352942973, 1.3078506481290182, 0.63546384614633844]
[-0.12209305121954254, -0.30921960352942973, 1.3078506481290182, 0.63546384614633844]
[-0.12209305121954254, -0.30921960352942973, 1.3078506481290182, 0.63546384614633844]
[-0.12209305121954254, -0.30921960352942973, 1.3078506481290182, 0.63546384614633844]
[-0.12209305121954254, -0.30921960352942973, 1.3078506481290182, 0.63546384614633844]
[-0.12726601271491861, -0.31372798015121783, 1.3069489728046606, 0.63456217082198085]
[-0.12726601271491861, -0.31372798015121783, 1.3069489728046606, 0.63456217082198085]
[-0.13759433902673818, -0.32315157546388512, 1.3050642536959167, 0.63267745171323708]
[-0.14787636844808821, -0.33253285327206111, 1.3031879980882812, 0.63080119610560159]
[-0.14787636844808821, -0.33253285327206111, 1.3031879980882812, 0.63080119610560159]
[-0.15811229211185318, -0.34187198820814163, 1.301320171055274, 0.62893336907259434]
