[0, 0, 0, 0]
[-0.0039159183964398384, -0.0036121946007592691, -0.00070793917791356744, -0.00071999877228166843]
[-0.0038025348352133249, -0.0035486296666876415, -0.00069288809655308412, -0.00069327085679766153]
[-0.0036237234203582306, -0.0034731731705911276, -0.00067104833305534778, -0.00063773170559726442]
[-0.0035222346828183105, -0.0034159889677461168, -0.0006596112377190576, -0.00062629478764461934]
[-0.0034296076590986319, -0.003376844866027975, -0.00063806160063473898, -0.0006161791636109359]
[-0.0032646661978693375, -0.0033001565717404586, -0.00061850897829872136, -0.00057621737457097338]
[-0.0032273298732960992, -0.0032963627152958479, -0.00061472143136944444, -0.00055728603666911798]
[-0.0032251096355513887, -0.0032963386712395264, -0.00061463472988335164, -0.00055726755560197476]
[-0.0031325130219805402, -0.0032630235383672656, -0.00060316509649994661, -0.00052187602705833344]
[-0.0030876494148486676, -0.003258100884614415, -0.00059825479779879675, -0.00049736389042057453]
[-0.0030076472075070576, -0.0032491032658347073, -0.00057068516137653825, -0.00047098836166496955]
[-0.0027465761752341914, -0.0047697280542512285, 0.00089174009094252936, -0.00045156019093092249]
[0.0031975517308833815, -0.0036462027309835817, 0.0062740101139506154, 0.00062593877795810195]
[0.0051335067216993907, -0.0036155639425575559, 0.0062342220367569865, 0.00062325484954653724]
[0.0089840927080337401, -0.0028781376823019712, 0.0084430425386056822, 0.0028379328599460974]
[0.008551623209152804, -0.0043668481717963233, 0.0097574460161891051, 0.0026547856106764471]
[0.0085450350015083693, -0.0043668827128881182, 0.0097572878423427441, 0.0026547365293227787]
[0.010289750431413445, -0.0040023138722434697, 0.011555141211143621, 0.0029422989774973989]
[0.011526890270448023, -0.0037210483501982682, 0.012962178855285179, 0.0032222317703435475]
[0.011159502366672789, -0.0037600620868881323, 0.012922437239147011, 0.0030270972640725155]
[0.011081653085961722, -0.0037624741335151126, 0.012915894538653104, 0.0029939476317209744]
[0.01071116892714296, -0.0038038197894869502, 0.012786134993164722, 0.0028469888322515363]
[0.012239533286112211, -0.0034745433646949995, 0.014352070563535196, 0.0030539536082306914]
[0.012047782546924603, -0.004957588495100548, 0.015640028168984833, 0.0030214388877623046]
[0.011594070494694209, -0.0050128751757833037, 0.015363597004235256, 0.0029661493056426548]
[0.011490460402243262, -0.0050143841826852586, 0.015355481752807763, 0.0029196311538467177]
[0.009523466623550839, -0.0067654131697551115, 0.015005273549084609, 0.0025694158286256206]
[0.0093659565782468514, -0.0067872602088767994, 0.014889670852124561, 0.0025464680297678484]
[0.011132073048926855, -0.0064162255223666944, 0.016725828418695517, 0.0028750525462572065]
[0.010679282614593003, -0.0064720783260216568, 0.016446566809864307, 0.0028191973342215162]
[0.012601760437378795, -0.0064798112925608369, 0.016438780125152628, 0.0027805716529681352]
[0.014381237391034299, -0.0064896669635243947, 0.016466844281270085, 0.0026933020210825206]
[0.0121786029027209, -0.0082355672495449013, 0.015977095680526136, 0.0023202387369479658]
[0.013313695426894668, -0.0079487550941406623, 0.017252113247278589, 0.0025421885639859633]
[0.015040598784007561, -0.007606221653264033, 0.017451127822217416, 0.0042228391672274948]
[0.014970613100524865, -0.0076069897255565148, 0.017449411306666544, 0.0042185518251908619]
[0.014475511479984497, -0.0076113475370960587, 0.017145509347326029, 0.0041168210929926896]
[0.01726719148433924, -0.0070086493529476898, 0.020476135856631782, 0.0044006862537010324]
[0.019748836326235128, -0.0064647676154076395, 0.023343381361182091, 0.004795108129609078]
[0.019731225212345722, -0.006464971826197769, 0.023343166146534994, 0.0047940952326986155]
[0.017498894518143814, -0.008340038785945551, 0.022939138551318499, 0.0042470877501730349]
[0.01886607228431423, -0.0080140148410255234, 0.024499903425003352, 0.0045615373634878007]
[0.018831579932908637, -0.0080133757923685212, 0.024498634625760917, 0.0045613459210651986]
[0.01687154772805672, -0.0099147270259815779, 0.024111286235588635, 0.0041386905868617567]
[0.014813515234622538, -0.011300006430194517, 0.02546163639547187, 0.004025825373915581]
[0.014797174453034714, -0.011300036792150532, 0.025460881933880814, 0.0040256920553608227]
[0.013747835395431719, -0.012897286959569878, 0.026441459593790378, 0.0037177467472067302]
[0.01574422339904525, -0.012466266026351019, 0.028305860352006842, 0.004100298272836019]
[0.014282170086175966, -0.01399609652926048, 0.027999893416780816, 0.0037943318837711645]
[0.014181540400675763, -0.014008070855905922, 0.027987666130086134, 0.0037330586582045157]
[0.015301521786903735, -0.013758744766988502, 0.029354067597751287, 0.0038625906629107987]
[0.014920188086452974, -0.013787727923111866, 0.0293132668127991, 0.0037294624497001706]
[0.014860300100246478, -0.013788200591213036, 0.029311099658088566, 0.0037287935697432016]
[0.012794251266226497, -0.015598086736257174, 0.028937264681058093, 0.0032956714128087507]
[0.010401975196244815, -0.015631626564265581, 0.028650618205783383, 0.0032422861995916701]
[0.0095349219864844115, -0.015740787066457609, 0.028123675490059379, 0.0030881331284223316]
[0.011114776807537242, -0.015425520087634429, 0.02973099514502452, 0.0033724143102698552]
[0.011114763038586408, -0.015425520087379078, 0.029730995144589805, 0.0033724143100390962]
[0.0091632377688077287, -0.017214196477818893, 0.029372989387434729, 0.0030139735315858219]
[0.010778049555511102, -0.016894864641501216, 0.030969734372999908, 0.0033332180657762414]
[0.010649183363141973, -0.016899263971880282, 0.030947421047071991, 0.0033287587787766237]
[0.011833410141251626, -0.016643268284554893, 0.032215312471057467, 0.0035827397140571673]
[0.011827842009088306, -0.016643281212377802, 0.032215205038444238, 0.0035827195996739982]
[0.0098301886406613661, -0.0184507046868988, 0.031831256715398173, 0.0030919102441013756]
[0.0093649805356525017, -0.018283901015786044, 0.031446920218366821, 0.0028465632786866834]
[0.0093962889408981225, -0.018189486633558374, 0.031456172535362002, 0.0028276619652345064]
[0.0091655735629677104, -0.018210671721324699, 0.031432990457092441, 0.0027237299961347188]
[0.0091579485517864836, -0.018210674810569073, 0.03143294428107013, 0.0027236089018710446]
[0.0087259506567879709, -0.019519529227552217, 0.032461948000233845, 0.0026769149119881528]
[0.0075687390260742267, -0.020739918934440563, 0.032217836255409811, 0.0024326347453388353]
[0.0065018816398471155, -0.020680785189351337, 0.031410068469254905, 0.0021423779668032455]
[0.0056570888210673133, -0.020781156383947574, 0.030908212481148237, 0.0020420067653001486]
[0.0029335480510952528, -0.020883754885378816, 0.030465372963850212, 0.0018573309663660823]
[0.0011962364186517754, -0.020732509257775082, 0.030492386333821165, 0.0018870386040429547]
[0.00082205452203764891, -0.020754759242089929, 0.030433959030852737, 0.0018119452670121601]
[-0.0011199944716328825, -0.022449415936542021, 0.030083362009216082, 0.0014710020748591169]
[0.00072362697388575633, -0.02186420571493455, 0.031556749167236595, 0.0018141016375778005]
[0.00065497861856877158, -0.021870761183647388, 0.031549844110773446, 0.0017812883461680324]
[0.00065702470383392384, -0.021870470170501904, 0.03154984447795281, 0.0017813350594568366]
[0.0010475923056223629, -0.021681047103676913, 0.032496946147912716, 0.0019707530578643201]
[0.0011050459244674724, -0.021668034492049452, 0.032497934781993421, 0.0019730860397740449]
[0.0022644469323637811, -0.022685029810175332, 0.035000311163573175, 0.0021234232079147463]
[0.00024098362886678328, -0.024407419653738337, 0.034640940604362097, 0.0017087862742231356]
[-0.0042285532812843668, -0.026179075207011449, 0.033973196430168905, 0.0012530042989310768]
[-0.0039860176653384316, -0.026010875775311283, 0.034001915224064296, 0.0012571723453958061]
[-0.0031852449753444691, -0.025811179834158756, 0.035066841615136644, 0.0013770224658531728]
[-0.0038864779370932179, -0.02685176374465913, 0.034845820323039636, 0.0011276760036366285]
[-0.0072558345732178873, -0.02821448904558772, 0.03454656830791835, 0.00078209640122337443]
[-0.0066025418177848728, -0.027798497802689622, 0.034628872632325759, 0.00086513929732039694]
[-0.0063411478616102381, -0.02763582671476288, 0.034647449890989522, 0.00089527426509287251]
[-0.0025001582526825144, -0.027283842094246696, 0.03629666982891324, 0.0012252122546478064]
[-0.0039331855799691878, -0.028886497930426223, 0.035961362801072247, 0.00082542449735592311]
[-0.0025793075957923064, -0.028583888718626015, 0.037407830462306113, 0.0011162885046671156]
[-0.0023651015501576123, -0.029525263100676189, 0.038672508598535611, 0.0011127021348071996]
[-0.0026688452481618682, -0.029574756077940797, 0.038467882566506115, 0.0010176438221508309]
[-0.0028500030846319727, -0.029597287233572651, 0.038445291327526332, 0.00090497685594773103]
[-0.00094145537561579498, -0.029605446118776305, 0.038437126225765054, 0.00086414983975225085]
[-0.00098196430189933853, -0.02961081853370387, 0.038431740562124665, 0.00083721373070508483]
[-0.00012583614648609305, -0.029357172454027771, 0.039770272613506637, 0.0010203691860378452]
