0,1354829112,1832,0.554224,0.250000,2,2,0,183,457,8,5,2
1354829112,4,1600,0.500181,0.250000,0,0,0,160,400,8,5,2
1354829117,4,1440,0.452475,0.250000,0,2,3,144,360,8,5,2
1354829122,7,1440,0.454627,0.250000,1,0,6,144,360,8,5,2
1354829129,7,1440,0.443030,0.250000,1,0,6,144,360,8,5,2
1354829136,6,1280,0.452450,0.250000,1,0,9,128,320,8,5,2
1354829143,4,640,0.452218,0.250000,2,2,24,64,160,8,5,2
1354829148,5,1440,0.459419,0.250000,0,2,3,144,360,8,5,2
1354829154,9,1920,0.553407,0.250000,2,4,0,192,480,8,5,2
1354829163,7,1280,0.437138,0.250000,1,0,9,128,320,8,5,2
1354829171,6,1600,0.482306,0.250000,2,2,6,160,400,8,5,2
1354829177,9,1805,0.537292,0.250000,3,8,3,180,451,8,5,2
1354829186,5,1280,0.419247,0.250000,0,4,6,128,320,8,5,2
1354829191,8,1600,0.478681,0.250000,1,12,3,160,400,8,5,2
1354829199,5,1280,0.441513,0.250000,0,2,6,128,320,8,5,2
1354829205,8,1280,0.426199,0.250000,1,8,9,128,320,8,5,2
1354829214,5,1441,0.454784,0.250000,1,2,3,144,360,8,5,2
1354829219,7,1196,0.515597,0.250000,2,2,12,119,299,8,5,2
1354829227,8,1280,0.464401,0.250000,1,6,9,128,320,8,5,2
1354829236,7,1333,0.439067,0.250000,2,2,6,133,333,8,5,2
1354829244,5,1696,0.526314,0.250000,1,0,0,169,424,8,5,2
1354829249,7,1760,0.530634,0.250000,1,6,0,176,440,8,5,2
1354829256,7,1521,0.499940,0.250000,1,2,3,152,380,8,5,2
1354829263,7,1498,0.486117,0.250000,2,2,6,149,374,8,5,2
1354829271,7,1573,0.516300,0.250000,2,0,6,157,393,8,5,2
1354829278,4,1600,0.500181,0.250000,0,0,0,160,400,8,5,2
1354829283,8,1440,0.484766,0.250000,1,2,6,144,360,8,5,2
1354829292,8,1760,0.518759,0.250000,1,0,0,176,440,8,5,2
1354829300,4,1440,0.450252,0.250000,0,0,3,144,360,8,5,2
1354829305,7,1126,0.439643,0.250000,1,4,9,112,281,8,5,2
1354829313,7,1600,0.505181,0.250000,1,2,3,160,400,8,5,2
1354829320,8,1600,0.497931,0.250000,1,2,3,160,400,8,5,2
1354829329,6,1600,0.500181,0.250000,0,2,0,160,400,8,5,2
1354829335,7,1779,0.547152,0.250000,2,6,0,177,444,8,5,2
1354829343,4,1600,0.500181,0.250000,0,0,0,160,400,8,5,2
1354829348,8,1760,0.535748,0.250000,3,0,6,176,440,8,5,2
1354829357,5,1600,0.500181,0.250000,0,2,0,160,400,8,5,2
1354829363,6,1600,0.500181,0.250000,0,2,0,160,400,8,5,2
1354829369,8,1771,0.524224,0.250000,4,4,6,177,442,8,5,2
1354829377,5,1440,0.454836,0.250000,0,2,3,144,360,8,5,2
1354829383,4,1600,0.500181,0.250000,0,2,0,160,400,8,5,2
1354829387,5,1120,0.432774,0.250000,1,2,12,112,280,8,5,2
1354829393,6,1600,0.497494,0.250000,1,2,3,160,400,8,5,2
1354829399,4,1479,0.465636,0.250000,1,2,3,147,369,8,5,2
1354829404,4,1600,0.500181,0.250000,0,0,0,160,400,8,5,2
1354829409,4,1600,0.500181,0.250000,0,2,0,160,400,8,5,2
1354829414,5,1601,0.499994,0.250000,1,0,0,160,400,8,5,2
1354829420,4,1600,0.500181,0.250000,0,2,0,160,400,8,5,2
1354829425,5,1440,0.460114,0.250000,0,2,3,144,360,8,5,2
1354829430,5,1600,0.500181,0.250000,0,2,0,160,400,8,5,2
1354829436,7,1559,0.507942,0.250000,2,4,3,155,389,8,5,2
1354829443,9,1760,0.533702,0.250000,1,10,0,176,440,8,5,2
1354829453,5,1658,0.516556,0.250000,1,0,0,165,414,8,5,2
1354829458,7,1600,0.496619,0.250000,2,0,6,160,400,8,5,2
1354829466,6,1760,0.539100,0.250000,1,4,0,176,440,8,5,2
1354829472,5,1637,0.510733,0.250000,1,4,0,163,409,8,5,2
1354829478,6,1600,0.500181,0.250000,0,2,0,160,400,8,5,2
1354829484,9,1440,0.458377,0.250000,1,4,6,144,360,8,5,2
1354829493,7,1600,0.482181,0.250000,4,0,9,160,400,8,5,2
1354829501,4,1600,0.500181,0.250000,0,0,0,160,400,8,5,2
1354829506,5,1440,0.459419,0.250000,0,4,3,144,360,8,5,2
1354829511,7,1280,0.462371,0.250000,0,6,6,128,320,8,5,2
1354829519,7,1280,0.462216,0.250000,0,0,6,128,320,8,5,2
1354829527,5,960,0.435185,0.250000,0,8,12,96,240,8,5,2
1354829532,9,1649,0.505669,0.250000,2,6,3,164,412,8,5,2
1354829542,6,1600,0.500181,0.250000,0,0,0,160,400,8,5,2
1354829548,6,960,0.448518,0.250000,0,2,12,96,240,8,5,2
1354829554,4,1600,0.500181,0.250000,0,0,0,160,400,8,5,2
1354829559,5,1600,0.500181,0.250000,0,0,0,160,400,8,5,2
1354829565,8,1120,0.457594,0.250000,1,0,12,112,280,8,5,2
1354829573,6,1440,0.458655,0.250000,0,2,3,144,360,8,5,2
1354829579,6,1440,0.452336,0.250000,0,0,3,144,360,8,5,2
1354829585,9,1241,0.482226,0.250000,2,12,9,124,310,8,5,2
1354829595,7,1440,0.451850,0.250000,0,6,3,144,360,8,5,2
1354829602,8,1612,0.503379,0.250000,1,8,0,161,403,8,5,2
1354829610,6,1440,0.461850,0.250000,0,0,3,144,360,8,5,2
1354829617,7,1440,0.450600,0.250000,0,0,3,144,360,8,5,2
1354829625,9,1600,0.486056,0.250000,2,0,6,160,400,8,5,2
1354829634,8,960,0.401436,0.250000,0,4,12,96,240,8,5,2
1354829643,13,2240,0.591872,0.250000,5,14,3,224,560,8,5,2
1354829657,10,1760,0.508362,0.250000,3,4,6,176,440,8,5,2
1354829667,8,1600,0.500181,0.250000,0,0,0,160,400,8,5,2
1354829676,6,1600,0.500431,0.250000,1,0,3,160,400,8,5,2
1354829683,5,1600,0.500181,0.250000,0,2,0,160,400,8,5,2
1354829689,8,1760,0.537680,0.250000,3,2,6,176,440,8,5,2
1354829697,8,1281,0.399563,0.250000,1,8,9,128,320,8,5,2
1354829706,8,1440,0.487475,0.250000,2,2,9,144,360,8,5,2
1354829714,8,1132,0.453183,0.250000,1,2,9,113,283,8,5,2
1354829722,6,1600,0.500181,0.250000,0,2,0,160,400,8,5,2
1354829729,6,1440,0.454905,0.250000,0,0,3,144,360,8,5,2
1354829735,7,1440,0.470183,0.250000,0,2,3,144,360,8,5,2
1354829742,7,1299,0.423855,0.250000,2,6,9,129,324,8,5,2
1354829750,5,1280,0.404091,0.250000,0,0,6,128,320,8,5,2
1354829755,7,1680,0.522324,0.250000,1,2,0,168,420,8,5,2
1354829762,9,1852,0.556490,0.250000,4,4,3,185,463,8,5,2
1354829772,11,2004,0.562272,0.250000,5,6,6,200,501,8,5,2
1354829783,6,1600,0.500181,0.250000,0,2,0,160,400,8,5,2
1354829790,11,1920,0.533876,0.250000,4,6,6,192,480,8,5,2
1354829802,5,1624,0.506967,0.250000,1,2,0,162,406,8,5,2
1354829807,8,1464,0.432424,0.250000,2,2,6,146,366,8,5,2
1354829816,6,1280,0.415419,0.250000,0,4,6,128,320,8,5,2
1354829822,5,1600,0.500181,0.250000,0,0,0,160,400,8,5,2
1354829828,5,1600,0.500181,0.250000,0,0,0,160,400,8,5,2
1354829833,9,1918,0.570263,0.250000,3,2,3,191,479,8,5,2
1354829843,10,1441,0.392624,0.250000,3,0,12,144,360,8,5,2
1354829853,10,1447,0.473966,0.250000,3,4,9,144,361,8,5,2
1354829864,9,1968,0.583014,0.250000,3,0,0,196,492,8,5,2
1354829873,9,2025,0.586113,0.250000,4,4,3,202,506,8,5,2
1354829883,7,1694,0.525824,0.250000,1,0,0,169,423,8,5,2
1354829890,10,1280,0.464870,0.250000,0,10,6,128,320,8,5,2
1354829901,10,1600,0.519119,0.250000,2,4,6,160,400,8,5,2
1354829911,9,1120,0.508932,0.250000,1,2,12,112,280,8,5,2
1354829920,9,1120,0.511254,0.250000,0,8,9,112,280,8,5,2
1354829929,7,1600,0.500181,0.250000,0,0,0,160,400,8,5,2
1354829937,6,1600,0.500181,0.250000,0,2,0,160,400,8,5,2
1354829943,10,1769,0.532455,0.250000,5,6,6,176,442,8,5,2
1354829954,12,1976,0.579625,0.250000,4,2,3,197,494,8,5,2
1354829967,7,1440,0.463447,0.250000,0,2,3,144,360,8,5,2
1354829974,12,1920,0.548980,0.250000,3,6,3,192,480,8,5,2
1354829986,10,1760,0.531430,0.250000,1,2,0,176,440,8,5,2
1354829996,8,1570,0.502157,0.250000,1,2,3,157,392,8,5,2
1354830005,7,1600,0.500181,0.250000,0,0,0,160,400,8,5,2
1354830012,12,1319,0.548919,0.250000,3,4,12,131,329,8,5,2
1354830025,9,1622,0.500643,0.250000,2,4,3,162,405,8,5,2
1354830034,6,1600,0.500181,0.250000,0,0,0,160,400,8,5,2
1354830040,6,1440,0.450252,0.250000,0,2,3,144,360,8,5,2
1354830047,7,1600,0.500181,0.250000,0,4,0,160,400,8,5,2
1354830054,9,1725,0.533119,0.250000,1,4,0,172,431,8,5,2
1354830064,9,1846,0.560868,0.250000,2,0,0,184,461,8,5,2
1354830073,12,1283,0.415662,0.250000,3,0,12,128,320,8,5,2
1354830086,10,1126,0.382537,0.250000,5,6,21,112,281,8,5,2
1354830097,10,1441,0.425585,0.250000,1,2,6,144,360,8,5,2
1354830108,6,1600,0.500181,0.250000,0,0,0,160,400,8,5,2
1354830114,6,1600,0.500181,0.250000,0,0,0,160,400,8,5,2
1354830120,7,1440,0.454280,0.250000,0,0,3,144,360,8,5,2
1354830128,12,1760,0.496827,0.250000,2,2,6,176,440,8,5,2
1354830140,10,1280,0.445183,0.250000,1,4,9,128,320,8,5,2
1354830151,7,1440,0.461850,0.250000,1,0,6,144,360,8,5,2
1354830158,7,1600,0.500181,0.250000,0,0,0,160,400,8,5,2
1354830166,6,1440,0.450322,0.250000,0,2,3,144,360,8,5,2
1354830172,9,1440,0.469072,0.250000,0,2,3,144,360,8,5,2
1354830181,6,1600,0.500181,0.250000,0,0,0,160,400,8,5,2
1354830188,9,1672,0.506210,0.250000,2,2,3,167,418,8,5,2
1354830198,7,1280,0.413154,0.250000,0,4,6,128,320,8,5,2
1354830205,12,1891,0.563352,0.250000,2,4,0,189,472,8,5,2
1354830217,6,1600,0.500181,0.250000,0,0,0,160,400,8,5,2
1354830224,6,1600,0.500181,0.250000,0,2,0,160,400,8,5,2
1354830231,7,1440,0.451433,0.250000,0,2,3,144,360,8,5,2
1354830238,9,1280,0.455263,0.250000,0,2,6,128,320,8,5,2
1354830247,7,1280,0.413310,0.250000,0,6,6,128,320,8,5,2
1354830255,7,1600,0.500181,0.250000,0,0,0,160,400,8,5,2
1354830262,9,1280,0.414794,0.250000,0,10,6,128,320,8,5,2
1354830271,9,1760,0.533248,0.250000,1,6,0,176,440,8,5,2
1354830280,15,1791,0.503597,0.250000,3,0,3,179,447,8,5,2
1354830296,5,1280,0.405732,0.250000,0,0,6,128,320,8,5,2
1354830301,13,1760,0.528475,0.250000,3,4,6,176,440,8,5,2
1354830315,10,1822,0.555261,0.250000,5,4,6,182,455,8,5,2
1354830325,13,2014,0.581356,0.250000,4,4,3,201,503,8,5,2
1354830339,8,1440,0.457614,0.250000,1,0,6,144,360,8,5,2
1354830348,11,1440,0.485669,0.250000,0,2,3,144,360,8,5,2
1354830359,11,1992,0.581045,0.250000,3,6,0,199,498,8,5,2
1354830371,12,2080,0.585465,0.250000,4,6,3,208,520,8,5,2
1354830383,8,1680,0.522324,0.250000,1,4,0,168,420,8,5,2
1354830392,6,1486,0.467894,0.250000,1,0,3,148,371,8,5,2
1354830398,8,1600,0.500181,0.250000,0,2,0,160,400,8,5,2
1354830407,11,1920,0.558407,0.250000,2,2,0,192,480,8,5,2
1354830419,6,1280,0.417372,0.250000,0,2,6,128,320,8,5,2
1354830426,14,2120,0.582800,0.250000,6,12,6,212,530,8,5,2
1354830440,6,1440,0.453377,0.250000,0,2,3,144,360,8,5,2
1354830447,6,1440,0.462127,0.250000,0,0,3,144,360,8,5,2
1354830454,7,1628,0.506665,0.250000,2,0,3,162,407,8,5,2
1354830462,10,1280,0.434637,0.250000,1,4,9,128,320,8,5,2
1354830472,6,1500,0.473020,0.250000,1,0,3,150,375,8,5,2
1354830478,7,1440,0.453308,0.250000,0,0,3,144,360,8,5,2
1354830486,8,1600,0.474056,0.250000,1,2,3,160,400,8,5,2
1354830494,6,1440,0.450252,0.250000,0,0,3,144,360,8,5,2
1354830501,11,1280,0.448620,0.250000,2,2,12,128,320,8,5,2
1354830513,6,1600,0.500181,0.250000,0,0,0,160,400,8,5,2
1354830519,7,1705,0.528602,0.250000,2,2,0,170,426,8,5,2
1354830527,8,1600,0.489369,0.250000,1,2,3,160,400,8,5,2
1354830535,7,1704,0.528245,0.250000,1,0,0,170,426,8,5,2
1354830542,10,1623,0.519839,0.250000,3,2,6,162,405,8,5,2
1354830552,6,1440,0.450322,0.250000,0,2,3,144,360,8,5,2
1354830558,9,1441,0.416355,0.250000,2,4,9,144,360,8,5,2
1354830568,7,1120,0.414917,0.250000,1,0,12,112,280,8,5,2
1354830576,6,1440,0.457891,0.250000,0,0,3,144,360,8,5,2
1354830582,6,1630,0.508720,0.250000,1,2,0,163,407,8,5,2
1354830588,5,1280,0.409872,0.250000,0,0,6,128,320,8,5,2
1354830594,8,1562,0.492199,0.250000,1,0,3,156,390,8,5,2
1354830603,6,1600,0.500181,0.250000,0,0,0,160,400,8,5,2
1354830609,13,1920,0.529605,0.250000,2,2,0,192,480,8,5,2
1354830622,9,1440,0.463933,0.250000,1,2,6,144,360,8,5,2
1354830632,7,1440,0.463169,0.250000,0,2,3,144,360,8,5,2
1354830639,10,1440,0.485530,0.250000,1,4,6,144,360,8,5,2
1354830649,7,1727,0.533989,0.250000,2,0,0,172,431,8,5,2
1354830657,11,1760,0.512907,0.250000,2,2,3,176,440,8,5,2
1354830668,10,1440,0.461016,0.250000,0,14,3,144,360,8,5,2
1354830678,9,1760,0.525180,0.250000,3,0,6,176,440,8,5,2
1354830688,11,1760,0.546430,0.250000,2,6,3,176,440,8,5,2
1354830699,7,1600,0.500181,0.250000,0,2,0,160,400,8,5,2
1354830707,8,1760,0.538987,0.250000,1,0,0,176,440,8,5,2
1354830715,6,1440,0.457336,0.250000,0,0,3,144,360,8,5,2
1354830721,9,1753,0.537991,0.250000,3,4,3,175,438,8,5,2
1354830730,7,1600,0.500181,0.250000,0,4,0,160,400,8,5,2
1354830738,7,1600,0.500181,0.250000,0,0,0,160,400,8,5,2
1354830746,8,1600,0.499431,0.250000,2,0,6,160,400,8,5,2
1354830755,8,1600,0.500181,0.250000,0,2,0,160,400,8,5,2
1354830763,7,1600,0.500181,0.250000,0,0,0,160,400,8,5,2
1354830771,11,1789,0.522459,0.250000,3,4,3,178,447,8,5,2
1354830783,7,1713,0.531060,0.250000,3,4,0,171,428,8,5,2
1354830790,10,1943,0.581220,0.250000,4,2,0,194,485,8,5,2
1354830801,6,1600,0.500181,0.250000,0,0,0,160,400,8,5,2
1354830807,10,1760,0.522452,0.250000,1,4,0,176,440,8,5,2
1354830818,10,1440,0.431294,0.250000,1,2,6,144,360,8,5,2
1354830828,6,1440,0.451850,0.250000,0,0,3,144,360,8,5,2
1354830835,9,1600,0.490744,0.250000,1,4,3,160,400,8,5,2
1354830844,7,1440,0.456711,0.250000,0,2,3,144,360,8,5,2
1354830851,6,1600,0.500181,0.250000,0,2,0,160,400,8,5,2
1354830857,9,1858,0.558147,0.250000,2,4,0,185,464,8,5,2
1354830867,9,1600,0.497556,0.250000,2,4,6,160,400,8,5,2
1354830876,6,1600,0.500181,0.250000,0,2,0,160,400,8,5,2
1354830883,9,1760,0.532793,0.250000,2,0,3,176,440,8,5,2
1354830893,11,960,0.502476,0.250000,1,16,15,96,240,8,5,2
1354830904,12,1816,0.524376,0.250000,4,8,9,181,454,8,5,2
1354830916,11,1440,0.482682,0.250000,2,6,9,144,360,8,5,2
1354830928,8,1280,0.430966,0.250000,0,2,6,128,320,8,5,2
1354830936,8,1120,0.419023,0.250000,0,0,9,112,280,8,5,2
1354830945,10,1760,0.522282,0.250000,2,6,3,176,440,8,5,2
1354830956,7,1601,0.496871,0.250000,3,0,6,160,400,8,5,2
1354830963,7,1440,0.455600,0.250000,0,4,3,144,360,8,5,2
1354830971,11,1280,0.510494,0.250000,0,2,6,128,320,8,5,2
1354830982,9,1847,0.558674,0.250000,2,0,0,184,461,8,5,2
1354830992,9,1600,0.504119,0.250000,2,4,6,160,400,8,5,2
1354831001,8,1440,0.458169,0.250000,2,2,9,144,360,8,5,2
1354831010,7,1600,0.500181,0.250000,0,6,0,160,400,8,5,2
1354831017,8,1600,0.493744,0.250000,2,6,6,160,400,8,5,2
1354831026,13,2080,0.548831,0.250000,5,2,6,208,520,8,5,2
1354831039,7,1280,0.431513,0.250000,0,6,6,128,320,8,5,2
1354831047,5,1440,0.452475,0.250000,0,2,3,144,360,8,5,2
1354831053,6,1600,0.500181,0.250000,0,2,0,160,400,8,5,2
1354831060,6,1600,0.500181,0.250000,0,0,0,160,400,8,5,2
1354831066,9,1600,0.482494,0.250000,1,8,3,160,400,8,5,2
1354831076,7,1440,0.460530,0.250000,0,2,3,144,360,8,5,2
1354831084,16,2334,0.626306,0.250000,5,8,0,233,583,8,5,2
1354831100,6,1600,0.500181,0.250000,0,0,0,160,400,8,5,2
1354831106,12,1760,0.516430,0.250000,2,2,3,176,440,8,5,2
1354831119,10,1440,0.485530,0.250000,0,6,3,144,360,8,5,2
1354831129,9,1440,0.451294,0.250000,0,0,3,144,360,8,5,2
1354831139,8,1561,0.491895,0.250000,2,8,3,156,390,8,5,2
1354831148,6,1440,0.455739,0.250000,0,2,3,144,360,8,5,2
1354831154,6,1280,0.425497,0.250000,1,2,9,128,320,8,5,2
1354831161,10,1760,0.526657,0.250000,2,4,3,176,440,8,5,2
1354831171,11,1312,0.405858,0.250000,4,2,15,131,328,8,5,2
1354831182,11,1487,0.506389,0.250000,3,4,3,148,371,8,5,2
1354831193,8,1600,0.497869,0.250000,1,0,3,160,400,8,5,2
1354831202,9,1600,0.492619,0.250000,1,2,3,160,400,8,5,2
1354831211,11,1912,0.575606,0.250000,3,8,0,191,478,8,5,2
1354831223,8,1760,0.537566,0.250000,1,4,0,176,440,8,5,2
1354831232,9,1600,0.503619,0.250000,3,0,9,160,400,8,5,2
1354831241,12,1921,0.549496,0.250000,3,6,0,192,480,8,5,2
1354831254,11,1632,0.505377,0.250000,2,4,3,163,408,8,5,2
1354831265,7,1609,0.506876,0.250000,2,2,3,160,402,8,5,2
1354831273,12,1600,0.467120,0.250000,1,6,3,160,400,8,5,2
1354831285,7,1440,0.461502,0.250000,0,0,3,144,360,8,5,2
1354831293,7,1440,0.454766,0.250000,0,2,3,144,360,8,5,2
1354831300,8,1600,0.507806,0.250000,1,4,3,160,400,8,5,2
1354831309,9,960,0.369769,0.250000,1,6,15,96,240,8,5,2
1354831318,7,1725,0.533119,0.250000,1,0,0,172,431,8,5,2
1354831326,12,1811,0.531815,0.250000,4,8,6,181,452,8,5,2
1354831338,12,1969,0.582829,0.250000,4,6,3,196,492,8,5,2
1354831351,7,1600,0.500181,0.250000,0,2,0,160,400,8,5,2
1354831358,8,1600,0.500181,0.250000,0,2,0,160,400,8,5,2
1354831366,6,1600,0.500181,0.250000,0,0,0,160,400,8,5,2
1354831372,8,1741,0.536648,0.250000,1,2,0,174,435,8,5,2
1354831381,10,1120,0.530628,0.250000,2,6,15,112,280,8,5,2
1354831391,6,1600,0.500181,0.250000,0,0,0,160,400,8,5,2
1354831398,8,800,0.473561,0.250000,1,4,18,80,200,8,5,2
1354831407,12,1920,0.543928,0.250000,3,8,3,192,480,8,5,2
1354831419,7,1600,0.500181,0.250000,0,0,0,160,400,8,5,2
1354831427,7,1600,0.500181,0.250000,0,2,0,160,400,8,5,2
1354831434,12,1600,0.539994,0.250000,2,6,6,160,400,8,5,2
1354831447,10,1440,0.432059,0.250000,3,2,12,144,360,8,5,2
1354831458,9,1440,0.497613,0.250000,2,2,9,144,360,8,5,2
1354831467,7,1600,0.500181,0.250000,0,2,0,160,400,8,5,2
1354831474,12,1760,0.521202,0.250000,2,8,3,176,440,8,5,2
1354831487,6,1600,0.500181,0.250000,0,0,0,160,400,8,5,2
1354831493,9,1810,0.552678,0.250000,2,4,0,181,452,8,5,2
1354831503,8,1477,0.482547,0.250000,1,4,3,147,369,8,5,2
1354831511,6,1440,0.451641,0.250000,0,0,3,144,360,8,5,2
1354831518,7,1440,0.453447,0.250000,1,0,6,144,360,8,5,2
1354831526,6,1600,0.500181,0.250000,0,0,0,160,400,8,5,2
1354831532,10,1600,0.495119,0.250000,1,2,3,160,400,8,5,2
1354831543,6,1600,0.500181,0.250000,0,0,0,160,400,8,5,2
1354831549,8,1700,0.527285,0.250000,1,0,0,170,425,8,5,2
1354831558,6,1600,0.500181,0.250000,0,0,0,160,400,8,5,2
1354831564,8,1600,0.500181,0.250000,0,2,0,160,400,8,5,2
1354831573,8,1440,0.452336,0.250000,0,2,3,144,360,8,5,2
1354831582,8,1600,0.500181,0.250000,0,0,0,160,400,8,5,2
1354831590,7,1440,0.467544,0.250000,0,0,3,144,360,8,5,2
1354831598,8,1600,0.505556,0.250000,1,4,3,160,400,8,5,2
1354831607,6,1440,0.457475,0.250000,0,2,3,144,360,8,5,2
1354831613,8,1788,0.548352,0.250000,3,0,0,178,447,8,5,2
1354831622,11,1857,0.547288,0.250000,2,4,0,185,464,8,5,2
1354831633,6,1600,0.500181,0.250000,0,2,0,160,400,8,5,2
1354831640,9,1903,0.567563,0.250000,3,2,3,190,475,8,5,2
1354831649,8,1440,0.452822,0.250000,0,10,3,144,360,8,5,2
1354831658,8,1632,0.509299,0.250000,1,0,0,163,408,8,5,2
1354831666,6,1600,0.500181,0.250000,0,0,0,160,400,8,5,2
1354831673,12,1740,0.543098,0.250000,2,4,3,174,435,8,5,2
1354831685,10,1760,0.531373,0.250000,1,4,0,176,440,8,5,2
1354831695,13,1600,0.458556,0.250000,2,4,6,160,400,8,5,2
1354831708,10,1760,0.540180,0.250000,1,0,0,176,440,8,5,2
1354831719,11,1119,0.476253,0.250000,2,10,15,111,279,8,5,2
1354831730,12,1505,0.468465,0.250000,3,6,9,150,376,8,5,2
