1355023036,4,1819,0.500029,0.100000,0,0,0,0,181,5,5,2
1355023053,3,1667,0.500178,0.200000,0,0,0,0,333,5,5,2
1355023063,2,1539,0.500124,0.300000,0,0,0,0,461,5,5,2
1355023071,2,1429,0.500202,0.400000,0,0,0,0,571,5,5,2
1355023079,2,1334,0.500122,0.500000,0,0,0,0,666,5,5,2
1355023088,2,1251,0.499996,0.600000,0,0,0,0,750,5,5,2
1355023099,1,1177,0.500191,0.700000,0,0,0,0,823,5,5,2
1355023106,1,1112,0.500037,0.800000,0,0,0,0,888,5,5,2
1355023113,1,1054,0.499812,0.900000,0,0,0,0,947,5,5,2
1355023123,1,1001,0.499984,1.000000,0,0,0,0,1000,5,5,2
1355023130,1,953,0.500202,1.100000,0,0,0,0,1047,5,5,2
1355023139,1,910,0.500049,1.200000,0,0,0,0,1090,5,5,2
1355023147,1,871,0.499748,1.300000,0,0,0,0,1130,5,5,2
1355023153,1,834,0.500195,1.400000,0,0,0,0,1166,5,5,2
1355023161,1,801,0.499992,1.500000,0,0,0,0,1200,5,5,2
1355023167,1,770,0.500139,1.600000,0,0,0,0,1230,5,5,2
1355023174,1,742,0.499814,1.700000,0,0,0,0,1259,5,5,2
1355023181,0,715,0.500202,1.800000,0,0,0,0,1285,5,5,2
1355023188,0,691,0.499750,1.900000,0,0,0,0,1310,5,5,2
1355023195,0,668,0.499749,2.000000,0,0,0,0,1334,5,5,2
1355023196,0,667,0.499499,2.000000,0,0,0,0,1334,5,5,2
1355023202,0,646,0.500121,2.100000,0,0,0,0,1354,5,5,2
1355023208,0,626,0.499994,2.200000,0,0,0,0,1375,5,5,2
1355023213,0,607,0.500042,2.300000,0,0,0,0,1393,5,5,2
1355023219,0,589,0.500191,2.400000,0,0,0,0,1411,5,5,2
1355023225,0,573,0.499491,2.500000,0,0,0,0,1430,5,5,2
1355023231,0,557,0.499601,2.600000,0,0,0,0,1445,5,5,2
1355023237,0,542,0.499576,2.700000,0,0,0,0,1460,5,5,2
1355023243,0,528,0.499350,2.800000,0,0,0,0,1475,5,5,2
1355023249,0,514,0.499821,2.900000,0,0,0,0,1487,5,5,2
1355023256,1,501,0.499994,3.000000,0,0,0,0,1500,5,5,2
1355023263,0,489,0.499794,3.100000,0,0,0,0,1512,5,5,2
1355023269,0,477,0.500192,3.200000,0,0,0,0,1523,5,5,2
1355023274,0,466,0.500125,3.300000,0,0,0,0,1534,5,5,2
1355023280,0,456,0.499501,3.400000,0,0,0,0,1547,5,5,2
1355023285,0,446,0.499376,3.500000,0,0,0,0,1557,5,5,2
1355023286,0,445,0.498750,3.500000,0,0,0,0,1557,5,5,2
1355023301,0,436,0.499748,3.600000,0,0,0,0,1565,5,5,2
1355023307,0,427,0.499447,3.700000,0,0,0,0,1576,5,5,2
1355023313,0,418,0.499596,3.800000,0,0,0,0,1584,5,5,2
1355023320,0,409,0.500193,3.900000,0,0,0,0,1591,5,5,2
1355023326,0,401,0.500000,4.000000,0,0,0,0,1600,5,5,2
1355023338,0,365,0.499498,4.500000,0,0,0,0,1638,5,5,2
1355023345,0,335,0.499004,5.000000,0,0,0,0,1670,5,5,2
1355023350,0,309,0.499503,5.500000,0,0,0,0,1694,5,5,2
1355023357,0,287,0.499499,6.000000,0,0,0,0,1716,5,5,2
1355023358,0,286,0.498247,6.000000,0,0,0,0,1716,5,5,2
1355023363,0,268,0.499377,6.500000,0,0,0,0,1735,5,5,2
1355023364,0,267,0.498000,6.500000,0,0,0,0,1735,5,5,2
1355023371,0,251,0.499999,7.000000,0,0,0,0,1750,5,5,2
1355023377,0,237,0.498509,7.500000,0,0,0,0,1770,5,5,2
1355023377,0,236,0.496882,7.500000,0,0,0,0,1770,5,5,2
1355023384,0,224,0.498263,8.000000,0,0,0,0,1784,5,5,2
1355023391,0,212,0.498885,8.500000,0,0,0,0,1793,5,5,2
1355023398,0,201,0.500000,9.000000,0,0,0,0,1800,5,5,2
1355023404,0,192,0.498637,9.500000,0,0,0,0,1814,5,5,2
1355023405,0,191,0.496509,9.500000,0,0,0,0,1814,5,5,2
1355023413,0,183,0.499504,10.000000,0,0,0,0,1820,5,5,2
1355023418,0,168,0.499010,11.000000,0,0,0,0,1837,5,5,2
1355023424,0,155,0.499506,12.000000,0,0,0,0,1848,5,5,2
1355023429,0,144,0.499505,13.000000,0,0,0,0,1859,5,5,2
1355023434,0,135,0.497535,14.000000,0,0,0,0,1876,5,5,2
1355023439,0,126,0.499999,15.000000,0,0,0,0,1875,5,5,2
1355023439,0,125,0.496499,15.000000,0,0,0,0,1875,5,5,2
1355023445,0,119,0.498524,16.000000,0,0,0,0,1888,5,5,2
1355023451,0,113,0.496071,17.000000,0,0,0,0,1904,5,5,2
1355023456,0,107,0.496564,18.000000,0,0,0,0,1908,5,5,2
1355023456,0,106,0.492310,18.000000,0,0,0,0,1908,5,5,2
1355023456,0,106,0.492310,18.000000,0,0,0,0,1908,5,5,2
1355023468,0,101,0.499998,19.000000,0,0,0,0,1900,5,5,2
1355023468,0,100,0.495498,19.000000,0,0,0,0,1900,5,5,2
1355023468,0,100,0.495498,19.000000,0,0,0,0,1900,5,5,2
1355023474,0,97,0.496082,20.000000,0,0,0,0,1920,5,5,2
1355023474,0,96,0.491328,20.000000,0,0,0,0,1920,5,5,2
1355023474,0,96,0.491328,20.000000,0,0,0,0,1920,5,5,2
1355023480,0,88,0.499756,22.000000,0,0,0,0,1914,5,5,2
1355023492,0,81,0.499999,24.000000,0,0,0,0,1920,5,5,2
1355023504,0,70,0.499757,28.000000,0,0,0,0,1932,5,5,2
1355023504,0,69,0.493000,28.000000,0,0,0,0,1932,5,5,2
1355023504,0,69,0.493000,28.000000,0,0,0,0,1932,5,5,2
1355023510,0,66,0.496363,30.000000,0,0,0,0,1950,5,5,2
1355023510,0,65,0.489107,30.000000,0,0,0,0,1950,5,5,2
1355023516,0,62,0.496855,32.000000,0,0,0,0,1952,5,5,2
1355023516,0,61,0.489098,32.000000,0,0,0,0,1952,5,5,2
1355023525,0,59,0.492753,34.000000,0,0,0,0,1972,5,5,2
1355023525,0,58,0.484499,34.000000,0,0,0,0,1972,5,5,2
1355023531,0,56,0.491562,36.000000,0,0,0,0,1980,5,5,2
1355023531,0,55,0.482808,36.000000,0,0,0,0,1980,5,5,2
1355023531,0,55,0.482808,36.000000,0,0,0,0,1980,5,5,2
1355023531,0,55,0.482808,36.000000,0,0,0,0,1980,5,5,2
1355023551,0,53,0.493264,38.000000,0,0,0,0,1976,5,5,2
