1354268353.215286, 0.499513, 78, 25.000000
1354268356.384333, 0.493506, 77, 25.000000
1354464013.866284, 0.554224, 1832, 0.250000
1354464017.380130, 0.500181, 1600, 0.250000
1354464019.521935, 0.532212, 1721, 0.250000
1354464022.717964, 0.500181, 1600, 0.250000
1354464025.778249, 0.500181, 1600, 0.250000
1354464027.966758, 0.500181, 1600, 0.250000
1354464030.604946, 0.540432, 1759, 0.250000
1354464033.512458, 0.500181, 1600, 0.250000
1354464036.471126, 0.507680, 1760, 0.250000
1354464040.938576, 0.543305, 1600, 0.250000
1354464044.958651, 0.450115, 1440, 0.250000
1354464048.798733, 0.500181, 1600, 0.250000
1354464053.051294, 0.500181, 1600, 0.250000
1354464057.119126, 0.500181, 1600, 0.250000
1354464060.906683, 0.456155, 1440, 0.250000
1354464063.126834, 0.589737, 2130, 0.250000
1354464067.926306, 0.500181, 1600, 0.250000
1354464070.710588, 0.471590, 1280, 0.250000
1354464074.414216, 0.500181, 1600, 0.250000
1354464076.635715, 0.500181, 1600, 0.250000
1354464171.322508, 0.554224, 1832, 0.250000
1354464175.125831, 0.500181, 1600, 0.250000
1354464177.500405, 0.532212, 1721, 0.250000
1354464180.924877, 0.500181, 1600, 0.250000
1354464184.189402, 0.500181, 1600, 0.250000
1354464186.577874, 0.500181, 1600, 0.250000
1354464512.232925, 0.554224, 1832, 0.250000
1354464515.888645, 0.500181, 1600, 0.250000
1354464518.027836, 0.532212, 1721, 0.250000
1354464536.824290, 0.554224, 1832, 0.250000
1354464540.689038, 0.500181, 1600, 0.250000
1354464542.893956, 0.532212, 1721, 0.250000
1354464546.066499, 0.500181, 1600, 0.250000
1354464549.178297, 0.500181, 1600, 0.250000
1354464551.423588, 0.500181, 1600, 0.250000
1354464554.119988, 0.540432, 1759, 0.250000
1354464611.746605, 0.554224, 1832, 0.250000
1354464615.764986, 0.500181, 1600, 0.250000
1354464618.102410, 0.532212, 1721, 0.250000
1354464621.399459, 0.500181, 1600, 0.250000
1354464624.545833, 0.500181, 1600, 0.250000
1354464626.824005, 0.500181, 1600, 0.250000
1354464629.664613, 0.540432, 1759, 0.250000
1354464632.702545, 0.500181, 1600, 0.250000
1354464635.786676, 0.507680, 1760, 0.250000
1354464640.623380, 0.543305, 1600, 0.250000
1354464644.727929, 0.450115, 1440, 0.250000
1354464649.068234, 0.500181, 1600, 0.250000
1354464653.400651, 0.500181, 1600, 0.250000
1354464657.640427, 0.500181, 1600, 0.250000
1354464661.507154, 0.456155, 1440, 0.250000
1354464663.710293, 0.589737, 2130, 0.250000
1354464668.677019, 0.500181, 1600, 0.250000
1354464671.586661, 0.471590, 1280, 0.250000
1354464675.789661, 0.500181, 1600, 0.250000
1354464680.500087, 0.500181, 1600, 0.250000
1354464683.993172, 0.474034, 1506, 0.250000
1354464687.273433, 0.500181, 1600, 0.250000
1354464689.548566, 0.473558, 1600, 0.250000
1354464694.427286, 0.500181, 1600, 0.250000
1354464697.261900, 0.465669, 1440, 0.250000
1354464701.395860, 0.500181, 1600, 0.250000
1354464704.717502, 0.531827, 1760, 0.250000
1354464708.333343, 0.498817, 1760, 0.250000
1354464712.987157, 0.500181, 1600, 0.250000
1354464715.516401, 0.500181, 1600, 0.250000
1354464717.506069, 0.500181, 1600, 0.250000
1354464721.657376, 0.477891, 1440, 0.250000
1354464725.170437, 0.500181, 1600, 0.250000
1354464768.619887, 0.499749, 668, 2.000000
1354464769.579218, 0.499499, 667, 2.000000
1354464770.450793, 0.499499, 667, 2.000000
1354464771.530868, 0.499499, 667, 2.000000
1354464772.566553, 0.499499, 667, 2.000000
1354464773.433428, 0.499499, 667, 2.000000
1354464774.321254, 0.499499, 667, 2.000000
1354464775.212716, 0.499499, 667, 2.000000
1354464776.170883, 0.483977, 632, 2.000000
1354464777.256354, 0.499499, 667, 2.000000
1354464778.390789, 0.499499, 667, 2.000000
1354464779.577952, 0.499499, 667, 2.000000
1354464780.625654, 0.499499, 667, 2.000000
1354464781.673428, 0.449666, 601, 2.000000
1354464782.626275, 0.499499, 667, 2.000000
1354464783.533425, 0.499499, 667, 2.000000
1354464784.589204, 0.509078, 681, 2.000000
1354464785.622779, 0.535897, 734, 2.000000
1354464786.875041, 0.499499, 667, 2.000000
1354464787.805651, 0.499499, 667, 2.000000
1354464788.812749, 0.499499, 667, 2.000000
1354464789.865498, 0.499499, 667, 2.000000
1354464790.787150, 0.499499, 667, 2.000000
1354464791.951112, 0.499499, 667, 2.000000
1354464792.924370, 0.499499, 667, 2.000000
1354464793.930924, 0.499499, 667, 2.000000
1354464794.898532, 0.511803, 685, 2.000000
1354464795.999066, 0.499499, 667, 2.000000
1354464797.040344, 0.499499, 667, 2.000000
1354464797.942052, 0.499499, 667, 2.000000
1354464798.767919, 0.499499, 667, 2.000000
1354464799.768780, 0.459983, 601, 2.000000
1354464800.815795, 0.499499, 667, 2.000000
1354464801.649346, 0.499499, 667, 2.000000
1354464802.595313, 0.499499, 667, 2.000000
1354464803.494897, 0.499499, 667, 2.000000
1354464804.376955, 0.386760, 467, 2.000000
1354464805.193628, 0.499499, 667, 2.000000
1354464806.105009, 0.499499, 667, 2.000000
1354464806.946054, 0.499499, 667, 2.000000
1354464807.809706, 0.530754, 716, 2.000000
1354464808.971765, 0.499499, 667, 2.000000
1354464810.128943, 0.499499, 667, 2.000000
1354464810.980866, 0.504146, 674, 2.000000
1354464811.923512, 0.499499, 667, 2.000000
1354464812.930196, 0.499499, 667, 2.000000
1354464813.777350, 0.499499, 667, 2.000000
1354464814.795431, 0.499499, 667, 2.000000
1354464815.852717, 0.499499, 667, 2.000000
1354464816.720568, 0.499499, 667, 2.000000
1354464817.578726, 0.499499, 667, 2.000000
1354464818.465854, 0.499499, 667, 2.000000
1354464819.322972, 0.537124, 728, 2.000000
1354464820.434969, 0.499499, 667, 2.000000
1354464821.460828, 0.499499, 667, 2.000000
1354464822.300305, 0.499499, 667, 2.000000
1354464823.259717, 0.499499, 667, 2.000000
1354464824.109280, 0.499499, 667, 2.000000
1354464824.991392, 0.499499, 667, 2.000000
1354464825.916446, 0.499499, 667, 2.000000
1354464826.838013, 0.499499, 667, 2.000000
1354464827.886844, 0.499499, 667, 2.000000
1354464828.776189, 0.499499, 667, 2.000000
1354464829.642859, 0.499499, 667, 2.000000
1354464830.545678, 0.499499, 667, 2.000000
1354464831.409344, 0.499499, 667, 2.000000
1354464837.130686, 0.499749, 668, 2.000000
1354464838.087371, 0.499499, 667, 2.000000
1354464838.927971, 0.499499, 667, 2.000000
1354464839.918998, 0.499499, 667, 2.000000
1354464840.921964, 0.499499, 667, 2.000000
1354464841.774838, 0.499499, 667, 2.000000
1354464842.659324, 0.499499, 667, 2.000000
1354464843.548750, 0.499499, 667, 2.000000
1354464844.516333, 0.483977, 632, 2.000000
1354464845.622313, 0.499499, 667, 2.000000
1354464846.745682, 0.499499, 667, 2.000000
1354464847.859061, 0.499499, 667, 2.000000
1354464848.920788, 0.499499, 667, 2.000000
1354464849.975369, 0.449666, 601, 2.000000
1354464851.118579, 0.499499, 667, 2.000000
1354464852.082862, 0.499499, 667, 2.000000
1354464853.144000, 0.509078, 681, 2.000000
1354464854.192688, 0.535897, 734, 2.000000
1354464855.513830, 0.499499, 667, 2.000000
1354464856.658014, 0.499499, 667, 2.000000
1354464857.827805, 0.499499, 667, 2.000000
1354464858.901827, 0.499499, 667, 2.000000
1354464860.067440, 0.499499, 667, 2.000000
1354464861.217554, 0.499499, 667, 2.000000
1354464862.092278, 0.499499, 667, 2.000000
1354464863.211564, 0.499499, 667, 2.000000
1354464864.421804, 0.511803, 685, 2.000000
1354464865.680374, 0.499499, 667, 2.000000
1354464866.738932, 0.499499, 667, 2.000000
1354464867.674317, 0.499499, 667, 2.000000
1354464868.509247, 0.499499, 667, 2.000000
1354464869.502417, 0.459983, 601, 2.000000
1354464870.540499, 0.499499, 667, 2.000000
1354464871.372710, 0.499499, 667, 2.000000
1354464872.315502, 0.499499, 667, 2.000000
1354464873.198891, 0.499499, 667, 2.000000
1354464874.090019, 0.386760, 467, 2.000000
1354464874.896315, 0.499499, 667, 2.000000
1354464875.789399, 0.499499, 667, 2.000000
1354464876.638748, 0.499499, 667, 2.000000
1354464877.485466, 0.530754, 716, 2.000000
1354464878.524961, 0.499499, 667, 2.000000
1354464879.582570, 0.499499, 667, 2.000000
1354464880.438183, 0.504146, 674, 2.000000
1354464881.367437, 0.499499, 667, 2.000000
1354464882.374428, 0.499499, 667, 2.000000
1354464883.194143, 0.499499, 667, 2.000000
1354464884.335225, 0.499499, 667, 2.000000
1354464885.465905, 0.499499, 667, 2.000000
1354464886.393808, 0.499499, 667, 2.000000
1354464887.340539, 0.499499, 667, 2.000000
1354464888.240650, 0.499499, 667, 2.000000
1354464889.120322, 0.537124, 728, 2.000000
1354464890.271661, 0.499499, 667, 2.000000
1354464891.358885, 0.499499, 667, 2.000000
1354464892.234841, 0.499499, 667, 2.000000
1354464893.207749, 0.499499, 667, 2.000000
1354464894.113149, 0.499499, 667, 2.000000
1354464895.023397, 0.499499, 667, 2.000000
1354464895.922794, 0.499499, 667, 2.000000
1354464896.841579, 0.499499, 667, 2.000000
1354464897.892021, 0.499499, 667, 2.000000
1354464898.789025, 0.499499, 667, 2.000000
1354464899.697737, 0.499499, 667, 2.000000
1354464900.594471, 0.499499, 667, 2.000000
1354464901.456064, 0.499499, 667, 2.000000
1354464902.488494, 0.499499, 667, 2.000000
1354464903.501924, 0.504146, 674, 2.000000
1354464904.404535, 0.499499, 667, 2.000000
1354464905.336897, 0.499499, 667, 2.000000
1354464906.226656, 0.499499, 667, 2.000000
1354464907.294916, 0.499499, 667, 2.000000
1354464908.259853, 0.499499, 667, 2.000000
1354464909.097964, 0.499499, 667, 2.000000
1354464910.027258, 0.499499, 667, 2.000000
1354464910.957312, 0.467803, 601, 2.000000
1354464912.058150, 0.499499, 667, 2.000000
1354464912.941540, 0.499499, 667, 2.000000
1354464914.033087, 0.499499, 667, 2.000000
1354464915.059630, 0.499499, 667, 2.000000
1354464916.094293, 0.454159, 601, 2.000000
1354464917.111691, 0.452828, 601, 2.000000
1354464918.068686, 0.499499, 667, 2.000000
1354464919.037146, 0.499499, 667, 2.000000
1354464919.955738, 0.499499, 667, 2.000000
1354464920.931655, 0.538486, 734, 2.000000
1354464922.250307, 0.499499, 667, 2.000000
1354464923.258910, 0.499499, 667, 2.000000
1354464924.157357, 0.499499, 667, 2.000000
1354464925.197915, 0.499499, 667, 2.000000
1354464926.214856, 0.499499, 667, 2.000000
1354464927.360208, 0.499499, 667, 2.000000
1354464928.327123, 0.499499, 667, 2.000000
1354464929.258086, 0.499499, 667, 2.000000
1354464930.243797, 0.499499, 667, 2.000000
1354464931.217624, 0.499499, 667, 2.000000
1354464932.371628, 0.499499, 667, 2.000000
1354464933.402914, 0.499499, 667, 2.000000
1354464934.528749, 0.499499, 667, 2.000000
1354464935.457240, 0.499499, 667, 2.000000
1354464936.519052, 0.499499, 667, 2.000000
1354464937.438549, 0.499499, 667, 2.000000
1354464938.288333, 0.537632, 729, 2.000000
1354464939.409447, 0.499499, 667, 2.000000
1354464940.317415, 0.499499, 667, 2.000000
1354464941.259288, 0.499499, 667, 2.000000
1354464942.205938, 0.499499, 667, 2.000000
1354464943.220470, 0.499499, 667, 2.000000
1354464944.341008, 0.499499, 667, 2.000000
1354464945.413105, 0.456488, 601, 2.000000
1354464946.424091, 0.514462, 689, 2.000000
1354464947.367431, 0.499499, 667, 2.000000
1354464948.204103, 0.499499, 667, 2.000000
1354464949.259410, 0.499499, 667, 2.000000
1354464950.186503, 0.499499, 667, 2.000000
1354464951.229595, 0.499499, 667, 2.000000
1354464952.255233, 0.499499, 667, 2.000000
1354464953.291927, 0.499499, 667, 2.000000
1354464954.197385, 0.499499, 667, 2.000000
1354464955.195790, 0.450166, 601, 2.000000
1354464956.072683, 0.499499, 667, 2.000000
1354464957.098808, 0.499499, 667, 2.000000
1354464958.126552, 0.499499, 667, 2.000000
1354464959.002771, 0.499499, 667, 2.000000
1354464959.871582, 0.499499, 667, 2.000000
1354464960.764070, 0.499499, 667, 2.000000
1354464961.713265, 0.499499, 667, 2.000000
1354464962.657543, 0.453161, 601, 2.000000
1354464963.547552, 0.499499, 667, 2.000000
1354464964.412915, 0.499499, 667, 2.000000
1354464965.246039, 0.499499, 667, 2.000000
1354464966.230834, 0.499499, 667, 2.000000
1354464967.240230, 0.499499, 667, 2.000000
1354464968.109562, 0.499499, 667, 2.000000
1354464969.113276, 0.499499, 667, 2.000000
1354464970.146877, 0.499499, 667, 2.000000
1354464971.081778, 0.499499, 667, 2.000000
1354464971.960595, 0.499499, 667, 2.000000
1354464972.881463, 0.499499, 667, 2.000000
1354464973.911377, 0.499499, 667, 2.000000
1354464974.856920, 0.499499, 667, 2.000000
1354464975.727646, 0.499499, 667, 2.000000
1354464976.597331, 0.499499, 667, 2.000000
1354464977.670055, 0.499499, 667, 2.000000
1354464978.709797, 0.499499, 667, 2.000000
1354464979.723583, 0.499499, 667, 2.000000
1354464980.584811, 0.499499, 667, 2.000000
1354464981.428942, 0.499499, 667, 2.000000
1354464982.377646, 0.499499, 667, 2.000000
1354464983.332917, 0.499499, 667, 2.000000
1354464993.357622, 0.499749, 668, 2.000000
1354464994.327267, 0.499499, 667, 2.000000
1354464995.180534, 0.499499, 667, 2.000000
1354464996.167610, 0.499499, 667, 2.000000
1354464997.166619, 0.499499, 667, 2.000000
1354464998.022830, 0.499499, 667, 2.000000
1354464998.908235, 0.499499, 667, 2.000000
1354464999.818372, 0.499499, 667, 2.000000
1354465000.773559, 0.483977, 632, 2.000000
1354465001.861089, 0.499499, 667, 2.000000
1354465002.994593, 0.499499, 667, 2.000000
1354465004.112300, 0.499499, 667, 2.000000
1354465005.170784, 0.499499, 667, 2.000000
1354465006.230285, 0.449666, 601, 2.000000
1354465007.204352, 0.499499, 667, 2.000000
1354465008.089818, 0.499499, 667, 2.000000
1354465009.124053, 0.509078, 681, 2.000000
1354465010.122132, 0.535897, 734, 2.000000
1354465011.333940, 0.499499, 667, 2.000000
1354465012.281335, 0.499499, 667, 2.000000
1354465013.329417, 0.499499, 667, 2.000000
1354465014.484888, 0.499499, 667, 2.000000
1354465037.176867, 0.499749, 668, 2.000000
1354465038.144422, 0.499499, 667, 2.000000
1354465038.976584, 0.499499, 667, 2.000000
1354465039.978604, 0.499499, 667, 2.000000
1354465040.984350, 0.499499, 667, 2.000000
1354465041.833346, 0.499499, 667, 2.000000
1354465042.723907, 0.499499, 667, 2.000000
1354465043.614195, 0.499499, 667, 2.000000
1354465044.587275, 0.483977, 632, 2.000000
1354465045.683749, 0.499499, 667, 2.000000
1354465046.801889, 0.499499, 667, 2.000000
1354465047.937775, 0.499499, 667, 2.000000
1354465048.999488, 0.499499, 667, 2.000000
1354465050.064766, 0.449666, 601, 2.000000
1354465051.042714, 0.499499, 667, 2.000000
1354465051.918180, 0.499499, 667, 2.000000
1354465052.970724, 0.509078, 681, 2.000000
1354465053.986366, 0.535897, 734, 2.000000
1354465055.306022, 0.499499, 667, 2.000000
1354465056.168866, 0.499499, 667, 2.000000
1354465057.242359, 0.499499, 667, 2.000000
1354465058.387513, 0.499499, 667, 2.000000
1354465059.235274, 0.499499, 667, 2.000000
1354465060.305097, 0.499499, 667, 2.000000
1354465061.164886, 0.499499, 667, 2.000000
1354465062.134626, 0.499499, 667, 2.000000
1354465063.128739, 0.511803, 685, 2.000000
1354465064.236737, 0.499499, 667, 2.000000
1354465065.293400, 0.499499, 667, 2.000000
1354465066.184836, 0.499499, 667, 2.000000
1354465067.007677, 0.499499, 667, 2.000000
1354465068.027327, 0.459983, 601, 2.000000
1354465069.063315, 0.499499, 667, 2.000000
1354465069.898908, 0.499499, 667, 2.000000
1354465070.851806, 0.499499, 667, 2.000000
1354465084.267126, 0.499749, 668, 2.000000
1354465085.238702, 0.499499, 667, 2.000000
1354465086.091149, 0.499499, 667, 2.000000
1354465087.070285, 0.499499, 667, 2.000000
1354465088.078735, 0.499499, 667, 2.000000
1354465088.917937, 0.499499, 667, 2.000000
1354465089.820337, 0.499499, 667, 2.000000
1354465090.718945, 0.499499, 667, 2.000000
1354465091.735119, 0.483977, 632, 2.000000
1354465092.969196, 0.499499, 667, 2.000000
1354465094.106562, 0.499499, 667, 2.000000
1354465095.217201, 0.499499, 667, 2.000000
1354465096.281150, 0.499499, 667, 2.000000
1354465097.355185, 0.449666, 601, 2.000000
1354465098.378278, 0.499499, 667, 2.000000
1354465099.270123, 0.499499, 667, 2.000000
1354465100.318838, 0.509078, 681, 2.000000
1354465101.286112, 0.535897, 734, 2.000000
1354465102.522507, 0.499499, 667, 2.000000
1354465103.383923, 0.499499, 667, 2.000000
1354465104.394537, 0.499499, 667, 2.000000
1354465105.454772, 0.499499, 667, 2.000000
1354465106.325166, 0.499499, 667, 2.000000
1354465107.398423, 0.499499, 667, 2.000000
1354465108.301727, 0.499499, 667, 2.000000
1354465109.258670, 0.499499, 667, 2.000000
1354465110.248638, 0.511803, 685, 2.000000
1354465111.359985, 0.499499, 667, 2.000000
1354465112.415296, 0.499499, 667, 2.000000
1354465113.307852, 0.499499, 667, 2.000000
1354465114.155871, 0.499499, 667, 2.000000
1354465115.148604, 0.459983, 601, 2.000000
1354465116.213731, 0.499499, 667, 2.000000
1354465117.037567, 0.499499, 667, 2.000000
1354465117.997892, 0.499499, 667, 2.000000
1354465118.880164, 0.499499, 667, 2.000000
1354465119.751566, 0.386760, 467, 2.000000
1354465120.614141, 0.499499, 667, 2.000000
1354465121.499406, 0.499499, 667, 2.000000
1354465122.351055, 0.499499, 667, 2.000000
1354465123.282967, 0.530754, 716, 2.000000
1354465180.897415, 0.499749, 668, 2.000000
1354465181.843299, 0.499499, 667, 2.000000
1354465182.685164, 0.499499, 667, 2.000000
1354465183.677001, 0.499499, 667, 2.000000
1354465184.690087, 0.499499, 667, 2.000000
1354465185.538906, 0.499499, 667, 2.000000
1354465186.442549, 0.499499, 667, 2.000000
1354465187.322185, 0.499499, 667, 2.000000
1354465188.292534, 0.483977, 632, 2.000000
1354465189.389217, 0.499499, 667, 2.000000
1354465190.513265, 0.499499, 667, 2.000000
1354465191.634404, 0.499499, 667, 2.000000
1354465192.688999, 0.499499, 667, 2.000000
1354465193.725605, 0.449666, 601, 2.000000
1354465194.697593, 0.499499, 667, 2.000000
1354465195.562694, 0.499499, 667, 2.000000
1354465196.621103, 0.509078, 681, 2.000000
1354465197.602041, 0.535897, 734, 2.000000
1354465198.835535, 0.499499, 667, 2.000000
1354465199.710838, 0.499499, 667, 2.000000
1354465200.726087, 0.499499, 667, 2.000000
1354465201.782348, 0.499499, 667, 2.000000
1354465202.648021, 0.499499, 667, 2.000000
1354465203.708962, 0.499499, 667, 2.000000
1354465204.591556, 0.499499, 667, 2.000000
1354465205.540727, 0.499499, 667, 2.000000
1354465206.544962, 0.511803, 685, 2.000000
1354465207.632482, 0.499499, 667, 2.000000
1354465208.694318, 0.499499, 667, 2.000000
1354465209.571524, 0.499499, 667, 2.000000
1354465210.393739, 0.499499, 667, 2.000000
1354465211.386591, 0.459983, 601, 2.000000
1354465212.421486, 0.499499, 667, 2.000000
1354465213.246792, 0.499499, 667, 2.000000
1354465214.209401, 0.499499, 667, 2.000000
1354465215.096691, 0.499499, 667, 2.000000
1354465215.970274, 0.386760, 467, 2.000000
1354465216.821095, 0.499499, 667, 2.000000
1354465217.706636, 0.499499, 667, 2.000000
1354465218.562365, 0.499499, 667, 2.000000
1354465219.422521, 0.530754, 716, 2.000000
1354465220.475820, 0.499499, 667, 2.000000
1354465221.527814, 0.499499, 667, 2.000000
1354465222.405483, 0.504146, 674, 2.000000
1354465223.334046, 0.499499, 667, 2.000000
1354465224.364157, 0.499499, 667, 2.000000
1354465225.199211, 0.499499, 667, 2.000000
1354465226.274378, 0.499499, 667, 2.000000
1354465227.342620, 0.499499, 667, 2.000000
1354465228.250280, 0.499499, 667, 2.000000
1354465229.126604, 0.499499, 667, 2.000000
1354465230.025421, 0.499499, 667, 2.000000
1354465230.922527, 0.537124, 728, 2.000000
1354465232.726176, 0.499499, 667, 2.000000
1354465234.754269, 0.499499, 667, 2.000000
1354465235.750447, 0.499499, 667, 2.000000
1354465236.688882, 0.499499, 667, 2.000000
1354465237.525389, 0.499499, 667, 2.000000
1354465238.423821, 0.499499, 667, 2.000000
1354465239.325136, 0.499499, 667, 2.000000
1354465240.231765, 0.499499, 667, 2.000000
1354465241.279435, 0.499499, 667, 2.000000
1354465242.162498, 0.499499, 667, 2.000000
1354465243.064375, 0.499499, 667, 2.000000
1354465243.950133, 0.499499, 667, 2.000000
1354465244.792466, 0.499499, 667, 2.000000
1354465245.821126, 0.499499, 667, 2.000000
1354465246.833964, 0.504146, 674, 2.000000
1354465247.688046, 0.499499, 667, 2.000000
1354465248.619541, 0.499499, 667, 2.000000
1354465249.487166, 0.499499, 667, 2.000000
1354465250.545500, 0.499499, 667, 2.000000
1354465251.498710, 0.499499, 667, 2.000000
1354465252.319509, 0.499499, 667, 2.000000
1354465253.245699, 0.499499, 667, 2.000000
1354465254.247573, 0.467803, 601, 2.000000
1354465255.391716, 0.499499, 667, 2.000000
1354465256.255554, 0.499499, 667, 2.000000
1354465257.188549, 0.499499, 667, 2.000000
1354466378.459005, 0.499749, 668, 2.000000
1354466379.480507, 0.499499, 667, 2.000000
1354466380.383775, 0.499499, 667, 2.000000
1354466381.514848, 0.499499, 667, 2.000000
1354466382.572926, 0.512474, 686, 2.000000
1354466383.646441, 0.499499, 667, 2.000000
1354466384.647483, 0.499499, 667, 2.000000
1354466385.731765, 0.499499, 667, 2.000000
1354466386.701233, 0.499499, 667, 2.000000
1354466387.659476, 0.499499, 667, 2.000000
1354466388.584410, 0.499499, 667, 2.000000
1354466389.501497, 0.461147, 601, 2.000000
1354466390.517995, 0.499499, 667, 2.000000
1354466391.524331, 0.499499, 667, 2.000000
1354466392.417660, 0.499499, 667, 2.000000
1354466393.385061, 0.499499, 667, 2.000000
1354466394.236311, 0.499499, 667, 2.000000
1354466395.231522, 0.499499, 667, 2.000000
1354466396.134064, 0.499499, 667, 2.000000
1354466397.070126, 0.499499, 667, 2.000000
1354466398.207658, 0.499499, 667, 2.000000
1354466399.205174, 0.499499, 667, 2.000000
1354466400.175699, 0.499499, 667, 2.000000
1354466401.052175, 0.499499, 667, 2.000000
1354466402.058654, 0.499499, 667, 2.000000
1354466403.132258, 0.499499, 667, 2.000000
1354466404.049044, 0.499499, 667, 2.000000
1354466405.094328, 0.499499, 667, 2.000000
1354466406.042008, 0.499499, 667, 2.000000
1354466407.034293, 0.499499, 667, 2.000000
1354466407.977672, 0.499499, 667, 2.000000
1354466408.914004, 0.499499, 667, 2.000000
1354466409.929084, 0.465524, 617, 2.000000
1354466410.934962, 0.499499, 667, 2.000000
1354466412.062251, 0.499499, 667, 2.000000
1354466413.013310, 0.499499, 667, 2.000000
1354466414.024156, 0.499499, 667, 2.000000
1354466415.018598, 0.499499, 667, 2.000000
1354466415.933153, 0.499499, 667, 2.000000
1354466416.807664, 0.499499, 667, 2.000000
1354466417.697528, 0.499499, 667, 2.000000
1354466418.754973, 0.499499, 667, 2.000000
1354466419.683643, 0.499499, 667, 2.000000
1354466420.717625, 0.499499, 667, 2.000000
1354466421.857515, 0.499499, 667, 2.000000
1354466422.778767, 0.499499, 667, 2.000000
1354466423.681057, 0.499499, 667, 2.000000
1354466424.531766, 0.499499, 667, 2.000000
1354466425.529598, 0.499499, 667, 2.000000
1354466426.643548, 0.499499, 667, 2.000000
1354466427.491158, 0.499499, 667, 2.000000
1354466428.495927, 0.499499, 667, 2.000000
1354466429.515508, 0.499499, 667, 2.000000
1354466430.604240, 0.493951, 667, 2.000000
1354466431.854775, 0.499499, 667, 2.000000
1354466432.776704, 0.499499, 667, 2.000000
1354466433.721608, 0.456322, 601, 2.000000
1354466434.680507, 0.499499, 667, 2.000000
1354466435.602432, 0.499499, 667, 2.000000
1354466436.593605, 0.499499, 667, 2.000000
1354466437.528137, 0.499499, 667, 2.000000
1354466438.384117, 0.499499, 667, 2.000000
1354466439.302034, 0.499499, 667, 2.000000
1354466440.341246, 0.499499, 667, 2.000000
1354466441.349023, 0.511128, 684, 2.000000
1354466442.262045, 0.499499, 667, 2.000000
1354466443.150144, 0.499499, 667, 2.000000
1354466444.154472, 0.499499, 667, 2.000000
1354466445.109103, 0.499499, 667, 2.000000
1354466446.247431, 0.463643, 601, 2.000000
1354466447.294494, 0.499499, 667, 2.000000
1354466448.390165, 0.499499, 667, 2.000000
1354466449.588061, 0.499499, 667, 2.000000
1354466450.676839, 0.539985, 734, 2.000000
1354466451.935740, 0.459151, 601, 2.000000
1354466453.083140, 0.499499, 667, 2.000000
1354466454.173574, 0.458651, 601, 2.000000
1354466455.146362, 0.499499, 667, 2.000000
1354466456.255140, 0.499499, 667, 2.000000
1354466457.255733, 0.499499, 667, 2.000000
1354466458.141029, 0.499499, 667, 2.000000
1354466459.106189, 0.499499, 667, 2.000000
1354466460.198815, 0.499499, 667, 2.000000
1354466461.102045, 0.499499, 667, 2.000000
1354466461.979527, 0.499499, 667, 2.000000
1354466463.000947, 0.499499, 667, 2.000000
1354466463.873744, 0.499499, 667, 2.000000
1354466464.783492, 0.499499, 667, 2.000000
1354466465.722939, 0.499499, 667, 2.000000
1354466466.591235, 0.499499, 667, 2.000000
1354466467.469434, 0.499499, 667, 2.000000
1354466508.584771, 0.485505, 801, 1.000000
1354466510.867786, 0.585610, 800, 1.000000
1354466512.816860, 0.450320, 900, 1.000000
1354466525.181900, 0.485505, 801, 1.000000
1354466527.582860, 0.494711, 1100, 1.000000
1354466529.972954, 0.499984, 1000, 1.000000
1354466532.211950, 0.513651, 900, 1.000000
1354466534.697007, 0.499984, 1000, 1.000000
1354466536.469306, 0.529095, 900, 1.000000
1354466538.648878, 0.472184, 1000, 1.000000
1354466541.553659, 0.466984, 1100, 1.000000
1354466544.615446, 0.499984, 1000, 1.000000
1354466546.672707, 0.499984, 1000, 1.000000
1354466548.842562, 0.499984, 1000, 1.000000
1354466550.855010, 0.419087, 1000, 1.000000
1354466553.092518, 0.466876, 900, 1.000000
1354466556.011392, 0.559174, 988, 1.000000
1354466558.183495, 0.499984, 1000, 1.000000
1354466559.832142, 0.499984, 1000, 1.000000
1354466561.823710, 0.499984, 1000, 1.000000
1354466564.336765, 0.499984, 1000, 1.000000
1354466566.622427, 0.506770, 1015, 1.000000
1354466568.651709, 0.514651, 900, 1.000000
1354466570.824155, 0.499984, 1000, 1.000000
1354466572.710550, 0.474075, 1100, 1.000000
1354466575.734278, 0.502987, 800, 1.000000
1354466578.085226, 0.516682, 1037, 1.000000
1354466580.384507, 0.499984, 1000, 1.000000
1354466583.314954, 0.428115, 800, 1.000000
1354466585.643614, 0.499984, 1000, 1.000000
1354466588.321472, 0.499984, 1000, 1.000000
1354466590.387465, 0.499984, 1000, 1.000000
1354466592.078374, 0.499984, 1000, 1.000000
1354466593.969100, 0.537526, 1100, 1.000000
1354466596.400776, 0.513651, 900, 1.000000
1354466598.205594, 0.511436, 1100, 1.000000
1354466600.969895, 0.499984, 1000, 1.000000
1354466602.600286, 0.499984, 1000, 1.000000
1354466604.644992, 0.499984, 1000, 1.000000
1354466606.629223, 0.534309, 1082, 1.000000
1354466608.647515, 0.502484, 1000, 1.000000
1354466611.309791, 0.499984, 1000, 1.000000
1354466612.742615, 0.499984, 1000, 1.000000
1354466615.125084, 0.541206, 900, 1.000000
1354466617.539189, 0.529436, 1100, 1.000000
1354466620.819994, 0.499984, 1000, 1.000000
1354466623.042657, 0.552985, 800, 1.000000
1354466624.987034, 0.540429, 900, 1.000000
1354466627.095317, 0.541767, 975, 1.000000
1354466629.276031, 0.499984, 1000, 1.000000
1354466630.857253, 0.499984, 1000, 1.000000
1354466632.772646, 0.499984, 1000, 1.000000
1354466634.635098, 0.499984, 1000, 1.000000
1354466636.538239, 0.499984, 1000, 1.000000
1354466638.309330, 0.491984, 1100, 1.000000
1354466641.026049, 0.549663, 764, 1.000000
1354466643.288836, 0.499984, 1000, 1.000000
1354466645.253906, 0.454432, 900, 1.000000
1354466647.909687, 0.498347, 1100, 1.000000
1354466650.749889, 0.499984, 1000, 1.000000
1354466653.371770, 0.499984, 1000, 1.000000
1354466655.720347, 0.499984, 1000, 1.000000
1354466657.760556, 0.519651, 900, 1.000000
1354466660.058350, 0.497620, 1100, 1.000000
1354466663.115395, 0.405991, 900, 1.000000
1354466665.813501, 0.499984, 1000, 1.000000
1354466667.570730, 0.499984, 1000, 1.000000
1354466669.276413, 0.530314, 1200, 1.000000
1354466672.108378, 0.499984, 1000, 1.000000
1354466673.943218, 0.499984, 1000, 1.000000
1354466675.396384, 0.499984, 1000, 1.000000
1354466677.072823, 0.499984, 1000, 1.000000
1354466678.961345, 0.526117, 1060, 1.000000
1354466681.129732, 0.499984, 1000, 1.000000
1354466683.439489, 0.492066, 1200, 1.000000
1354466685.241513, 0.499984, 1000, 1.000000
1354466687.050155, 0.512651, 900, 1.000000
1354466689.276024, 0.499984, 1000, 1.000000
1354466690.979837, 0.462320, 900, 1.000000
1354466693.242808, 0.502083, 1000, 1.000000
1354466695.410416, 0.532984, 900, 1.000000
1354466698.163297, 0.499984, 1000, 1.000000
1354466699.654247, 0.499984, 1000, 1.000000
1354466701.973319, 0.499984, 1000, 1.000000
1354466704.232237, 0.499984, 1000, 1.000000
1354466706.179940, 0.499984, 1000, 1.000000
1354466708.189940, 0.498784, 1000, 1.000000
1354466710.769382, 0.499984, 1000, 1.000000
1354466722.548136, 0.485505, 801, 1.000000
1354466741.696859, 0.485505, 801, 1.000000
1354466744.612373, 0.499984, 1000, 1.000000
1354466853.189769, 0.485505, 801, 1.000000
1354467177.186506, 0.485505, 801, 1.000000
1354467179.290555, 0.533596, 1080, 1.000000
1354467181.282046, 0.497983, 1100, 1.000000
1354467183.237558, 0.499984, 1000, 1.000000
1354467185.023852, 0.499984, 1000, 1.000000
1354467187.438370, 0.499984, 1000, 1.000000
1354467188.949617, 0.499984, 1000, 1.000000
1354467190.801337, 0.516095, 900, 1.000000
1354467192.491309, 0.509112, 800, 1.000000
1354467194.330066, 0.501717, 1144, 1.000000
1354467197.423318, 0.499984, 1000, 1.000000
1354467199.090193, 0.499984, 1000, 1.000000
1354467201.670123, 0.499984, 1000, 1.000000
1354467203.494801, 0.452876, 900, 1.000000
1354467205.242959, 0.517206, 900, 1.000000
1354467207.043110, 0.488320, 900, 1.000000
1354467209.766683, 0.499984, 1000, 1.000000
1354467212.327408, 0.498384, 1000, 1.000000
1354467214.879512, 0.499984, 1000, 1.000000
1354467217.103481, 0.499984, 1000, 1.000000
1354467218.953552, 0.499984, 1000, 1.000000
1354467221.657165, 0.536890, 1100, 1.000000
1354467224.986377, 0.517979, 1026, 1.000000
1354467228.156664, 0.499984, 1000, 1.000000
1354467230.078024, 0.452543, 900, 1.000000
1354467232.373517, 0.568984, 900, 1.000000
1354467235.094473, 0.447209, 900, 1.000000
1354467237.939340, 0.499984, 1000, 1.000000
1354467239.952114, 0.513095, 900, 1.000000
1354467241.406553, 0.529938, 1070, 1.000000
1354467243.902406, 0.460654, 900, 1.000000
1354467246.098927, 0.559110, 800, 1.000000
1354467248.542820, 0.499984, 1000, 1.000000
1354467250.760627, 0.499984, 1000, 1.000000
1354467252.490758, 0.499984, 1000, 1.000000
1354467254.499891, 0.499984, 1000, 1.000000
1354467256.611268, 0.499184, 1000, 1.000000
1354467258.537024, 0.502982, 1100, 1.000000
1354467260.490354, 0.496875, 900, 1.000000
1354467262.401926, 0.499984, 1000, 1.000000
1354467264.913876, 0.496529, 1100, 1.000000
1354467267.644424, 0.495166, 1100, 1.000000
1354467270.406347, 0.453987, 900, 1.000000
1354467272.477376, 0.499984, 1000, 1.000000
1354467293.787107, 0.485505, 801, 1.000000
1354467295.968711, 0.499984, 1000, 1.000000
1354467297.897390, 0.501962, 1005, 1.000000
1354467300.290728, 0.467257, 1100, 1.000000
1354467303.480481, 0.499984, 1000, 1.000000
1354467305.359286, 0.564212, 818, 1.000000
1354467307.501732, 0.499984, 1000, 1.000000
1354467309.507594, 0.480529, 1100, 1.000000
1354467312.648651, 0.499984, 1000, 1.000000
1354467314.769157, 0.471151, 1200, 1.000000
1354467317.479376, 0.499984, 1000, 1.000000
1354467319.452623, 0.518206, 900, 1.000000
1354467321.098343, 0.504984, 900, 1.000000
1354467322.867197, 0.505348, 1012, 1.000000
1354467324.609399, 0.499984, 1000, 1.000000
1354467327.167069, 0.499984, 1000, 1.000000
1354467328.871123, 0.499984, 1000, 1.000000
1354467331.358275, 0.499984, 1000, 1.000000
1354467333.758987, 0.494439, 1100, 1.000000
1354467335.725536, 0.538436, 1100, 1.000000
1354467338.641243, 0.565360, 800, 1.000000
1354467340.846749, 0.499984, 1000, 1.000000
1354467342.341761, 0.531514, 1300, 1.000000
1354467345.409841, 0.508249, 1018, 1.000000
1354467347.453350, 0.499984, 1000, 1.000000
1354467349.333144, 0.499984, 1000, 1.000000
1354467351.190826, 0.499984, 1000, 1.000000
1354467353.890676, 0.533429, 900, 1.000000
1354467356.376582, 0.499984, 1000, 1.000000
1354467358.714405, 0.499984, 1000, 1.000000
1354467360.345223, 0.535436, 1100, 1.000000
1354467362.627089, 0.530984, 900, 1.000000
1354467364.549479, 0.502451, 1006, 1.000000
1354467366.732057, 0.519651, 900, 1.000000
1354467368.853109, 0.499984, 1000, 1.000000
1354467370.345666, 0.500397, 1200, 1.000000
1354467373.038601, 0.534095, 900, 1.000000
1354467374.877260, 0.499984, 1000, 1.000000
1354467376.803717, 0.499984, 1000, 1.000000
1354467379.279750, 0.508651, 900, 1.000000
1354467381.851966, 0.499984, 1000, 1.000000
1354467383.559893, 0.499984, 1000, 1.000000
1354467385.357025, 0.499984, 1000, 1.000000
1354467387.277816, 0.499984, 1000, 1.000000
1354467389.025437, 0.499984, 1000, 1.000000
1354467390.720591, 0.499984, 1000, 1.000000
1354467393.149730, 0.478584, 1000, 1.000000
1354467395.352730, 0.499984, 1000, 1.000000
1354467397.475241, 0.502527, 1100, 1.000000
1354467400.701259, 0.467984, 1100, 1.000000
1354467403.845279, 0.555681, 991, 1.000000
1354467405.981855, 0.511429, 900, 1.000000
1354467408.231954, 0.499984, 1000, 1.000000
1354467410.060549, 0.499984, 1000, 1.000000
1354467412.222994, 0.540112, 1099, 1.000000
1354467414.337461, 0.496347, 1100, 1.000000
1354467416.436366, 0.495439, 1100, 1.000000
1354467418.854095, 0.499984, 1000, 1.000000
1354467420.873361, 0.499984, 1000, 1.000000
1354467422.547296, 0.515206, 900, 1.000000
1354467424.217450, 0.499984, 1000, 1.000000
1354467426.260362, 0.499984, 1000, 1.000000
1354467427.726656, 0.499984, 1000, 1.000000
1354467430.205693, 0.531206, 900, 1.000000
1354467432.525668, 0.518762, 900, 1.000000
1354467434.081346, 0.486620, 1100, 1.000000
1354467436.956622, 0.538163, 1100, 1.000000
1354467440.121093, 0.541782, 1000, 1.000000
1354467443.060416, 0.450774, 738, 1.000000
1354467444.913488, 0.494620, 1100, 1.000000
1354467447.230388, 0.508163, 1100, 1.000000
1354467449.690217, 0.536890, 1100, 1.000000
1354467452.527862, 0.478185, 1000, 1.000000
1354467455.246018, 0.499984, 1000, 1.000000
1354467457.168507, 0.499984, 1000, 1.000000
1354467459.388455, 0.499984, 1000, 1.000000
1354467461.335266, 0.471620, 1100, 1.000000
1354467464.416819, 0.528489, 1203, 1.000000
1354467466.882744, 0.466363, 800, 1.000000
1354467469.175140, 0.512540, 900, 1.000000
1354467470.951763, 0.499984, 1000, 1.000000
1354467472.836590, 0.499984, 1000, 1.000000
1354467474.779465, 0.567281, 1000, 1.000000
1354467477.618270, 0.499984, 1000, 1.000000
1354467480.494769, 0.491620, 1100, 1.000000
1354467482.670086, 0.499984, 1000, 1.000000
1354467484.678501, 0.499984, 1000, 1.000000
1354467486.918404, 0.499984, 1000, 1.000000
1354467489.137975, 0.499984, 1000, 1.000000
1354467490.587669, 0.499984, 1000, 1.000000
1354467493.342370, 0.499984, 1000, 1.000000
1354467494.791911, 0.499984, 1000, 1.000000
1354467496.523910, 0.499984, 1000, 1.000000
1354467498.369039, 0.499984, 1000, 1.000000
1354467500.342688, 0.481061, 958, 1.000000
1354467501.927213, 0.489543, 900, 1.000000
1354467503.929077, 0.523072, 1100, 1.000000
1354467507.287771, 0.499984, 1000, 1.000000
1354467509.083670, 0.499984, 1000, 1.000000
1354467516.831997, 0.485505, 801, 1.000000
1354467518.940951, 0.499984, 1000, 1.000000
1354467520.446428, 0.551881, 1000, 1.000000
1354467523.082600, 0.499984, 1000, 1.000000
1354467525.308987, 0.541443, 1276, 1.000000
1354467528.327961, 0.499984, 1000, 1.000000
1354467529.967086, 0.499984, 1000, 1.000000
1354467532.051094, 0.496482, 1200, 1.000000
1354467534.141203, 0.499261, 1400, 1.000000
1354467537.191197, 0.499984, 1000, 1.000000
1354467539.228446, 0.482862, 800, 1.000000
1354467541.279079, 0.499984, 1000, 1.000000
1354467542.838224, 0.499984, 1000, 1.000000
1354467544.574317, 0.499984, 1000, 1.000000
1354467547.013956, 0.523009, 1051, 1.000000
1354467549.153721, 0.609557, 700, 1.000000
1354467551.230056, 0.536110, 1049, 1.000000
1354467553.804568, 0.499984, 1000, 1.000000
1354467556.078717, 0.499984, 1000, 1.000000
1354467558.596491, 0.499984, 1000, 1.000000
1354467560.266568, 0.499984, 1000, 1.000000
1354467563.049778, 0.472765, 900, 1.000000
1354467565.580838, 0.499984, 1000, 1.000000
1354467567.893851, 0.499737, 800, 1.000000
1354467570.228448, 0.499984, 1000, 1.000000
1354467572.111762, 0.499984, 1000, 1.000000
1354467574.586460, 0.499984, 1000, 1.000000
1354467577.075257, 0.499984, 1000, 1.000000
1354467580.153208, 0.499984, 1000, 1.000000
1354467582.256654, 0.499984, 1000, 1.000000
1354467585.158349, 0.499984, 1000, 1.000000
1354467587.037418, 0.489893, 1100, 1.000000
1354467588.968014, 0.499984, 1000, 1.000000
1354467591.042824, 0.499984, 1000, 1.000000
1354467592.847784, 0.499984, 1000, 1.000000
1354467594.749646, 0.497487, 800, 1.000000
1354467596.418188, 0.499984, 1000, 1.000000
1354467598.152984, 0.478884, 1000, 1.000000
1354467601.222693, 0.499984, 1000, 1.000000
1354467603.769438, 0.491396, 737, 1.000000
1354467605.900647, 0.499984, 1000, 1.000000
1354467607.943803, 0.486257, 1100, 1.000000
1354467610.538461, 0.503908, 1009, 1.000000
1354467612.655785, 0.499984, 1000, 1.000000
1354467614.924966, 0.499984, 1000, 1.000000
1354467616.843866, 0.499984, 1000, 1.000000
1354467619.247614, 0.507584, 1000, 1.000000
1354467621.949178, 0.528809, 1067, 1.000000
1354467625.080744, 0.534345, 1100, 1.000000
1354467627.947924, 0.490075, 1100, 1.000000
1354467630.359400, 0.468098, 900, 1.000000
1354467632.961333, 0.499984, 1000, 1.000000
1354467634.688189, 0.512540, 900, 1.000000
1354467636.386260, 0.499984, 1000, 1.000000
1354467638.248115, 0.526664, 928, 1.000000
1354467639.972149, 0.499984, 1000, 1.000000
1354467641.516708, 0.499984, 1000, 1.000000
1354467643.690430, 0.484348, 1100, 1.000000
1354467645.846708, 0.504646, 1200, 1.000000
1354467648.613505, 0.499984, 1000, 1.000000
1354467650.096622, 0.499984, 1000, 1.000000
1354467652.966056, 0.503981, 1100, 1.000000
1354467655.150560, 0.499984, 1000, 1.000000
1354467657.017361, 0.499984, 1000, 1.000000
1354467658.787738, 0.516540, 900, 1.000000
1354467660.630353, 0.510873, 900, 1.000000
1354467663.431353, 0.452320, 900, 1.000000
1354467665.354281, 0.528048, 1065, 1.000000
1354467667.296247, 0.499984, 1000, 1.000000
1354467669.447963, 0.522429, 900, 1.000000
1354467671.901565, 0.499984, 1000, 1.000000
1354467674.412981, 0.499984, 1000, 1.000000
1354467676.117979, 0.492802, 1100, 1.000000
1354467677.961477, 0.528108, 1065, 1.000000
1354467680.208496, 0.499984, 1000, 1.000000
1354467682.234348, 0.499984, 1000, 1.000000
1354467684.156847, 0.499984, 1000, 1.000000
1354467685.906723, 0.515064, 1200, 1.000000
1354467689.092158, 0.499984, 1000, 1.000000
1354467691.630760, 0.499984, 1000, 1.000000
1354467693.887613, 0.499984, 1000, 1.000000
1354467695.842846, 0.499984, 1000, 1.000000
1354467698.284376, 0.499984, 1000, 1.000000
1354467700.477517, 0.489712, 1108, 1.000000
1354467703.448370, 0.540282, 1000, 1.000000
1354467706.029591, 0.499984, 1000, 1.000000
1354467708.248556, 0.454209, 900, 1.000000
1354467710.361106, 0.491166, 1100, 1.000000
1354467712.185565, 0.499984, 1000, 1.000000
1354467714.542514, 0.492166, 1100, 1.000000
1354467716.763652, 0.457432, 900, 1.000000
1354467718.484721, 0.499984, 1000, 1.000000
1354467720.096565, 0.492649, 1200, 1.000000
1354467723.242792, 0.499984, 1000, 1.000000
1354467725.272861, 0.510477, 1400, 1.000000
1354467728.501573, 0.532516, 1077, 1.000000
1354467730.644215, 0.499984, 1000, 1.000000
1354467732.566609, 0.499984, 1000, 1.000000
1354467740.911987, 0.485505, 801, 1.000000
1354467742.995253, 0.499984, 1000, 1.000000
1354467745.253934, 0.499984, 1000, 1.000000
1354467747.779769, 0.520068, 1045, 1.000000
1354467749.936599, 0.499984, 1000, 1.000000
1354467753.185740, 0.470209, 900, 1.000000
1354467755.555380, 0.522534, 1051, 1.000000
1354467758.016471, 0.512762, 900, 1.000000
1354467760.874349, 0.499984, 1000, 1.000000
1354467762.953862, 0.499984, 1000, 1.000000
1354467765.168249, 0.499984, 1000, 1.000000
1354467767.220354, 0.499984, 1000, 1.000000
1354467769.640156, 0.499984, 1000, 1.000000
1354467771.529665, 0.525206, 900, 1.000000
1354467772.915324, 0.499984, 1000, 1.000000
1354467774.471339, 0.499984, 1000, 1.000000
1354467776.651103, 0.499984, 1000, 1.000000
1354467778.847161, 0.489802, 1100, 1.000000
1354467780.719652, 0.479893, 1100, 1.000000
1354467783.479180, 0.499984, 1000, 1.000000
1354467785.686819, 0.499984, 1000, 1.000000
1354467787.645388, 0.499984, 1000, 1.000000
1354467789.788901, 0.499984, 1000, 1.000000
1354467792.105116, 0.561220, 1176, 1.000000
1354467795.343892, 0.499984, 1000, 1.000000
1354467797.148820, 0.485529, 1100, 1.000000
1354467799.687120, 0.515980, 1200, 1.000000
1354467803.236751, 0.523873, 900, 1.000000
1354467805.011697, 0.521762, 900, 1.000000
1354467807.614287, 0.499984, 1000, 1.000000
1354467809.583712, 0.513984, 900, 1.000000
1354467811.329056, 0.499984, 1000, 1.000000
1354467813.668899, 0.499984, 1000, 1.000000
1354467815.280196, 0.499984, 1000, 1.000000
1354467816.966069, 0.499984, 1000, 1.000000
1354467818.697935, 0.486089, 1106, 1.000000
1354467820.723109, 0.499984, 1000, 1.000000
1354467822.645031, 0.462432, 900, 1.000000
1354467824.677868, 0.536535, 1084, 1.000000
1354467827.168600, 0.567181, 1000, 1.000000
1354467829.670247, 0.499984, 1000, 1.000000
1354467832.618504, 0.499984, 1000, 1.000000
1354467834.798479, 0.499984, 1000, 1.000000
1354467836.694449, 0.499984, 1000, 1.000000
1354467838.656373, 0.499984, 1000, 1.000000
1354467840.291236, 0.525481, 1000, 1.000000
1354467843.113368, 0.458765, 900, 1.000000
1354467845.204265, 0.499984, 1000, 1.000000
1354467847.223725, 0.499984, 1000, 1.000000
1354467849.193947, 0.523540, 900, 1.000000
1354467851.348887, 0.499984, 1000, 1.000000
1354467852.942494, 0.499984, 1000, 1.000000
1354467855.572671, 0.499984, 1000, 1.000000
1354467857.521445, 0.488529, 1100, 1.000000
1354467859.289092, 0.508984, 900, 1.000000
1354467861.398799, 0.499984, 1000, 1.000000
1354467863.767219, 0.499984, 1000, 1.000000
1354467866.578282, 0.515818, 1035, 1.000000
1354467868.751949, 0.499984, 1000, 1.000000
1354467870.706435, 0.499984, 1000, 1.000000
1354467872.955052, 0.444887, 1000, 1.000000
1354467875.360771, 0.561057, 1221, 1.000000
1354467888.602260, 0.529938, 1070, 1.000000
1354467891.158095, 0.499984, 1000, 1.000000
1354467893.658159, 0.499984, 1000, 1.000000
1354467896.065545, 0.499984, 1000, 1.000000
1354467898.441200, 0.499984, 1000, 1.000000
1354467900.838963, 0.499984, 1000, 1.000000
1354467903.403166, 0.499984, 1000, 1.000000
1354467905.262182, 0.499984, 1000, 1.000000
1354467907.178570, 0.499984, 1000, 1.000000
1354467909.415879, 0.499984, 1000, 1.000000
1354467912.449249, 0.499984, 1000, 1.000000
1354467914.209566, 0.499984, 1000, 1.000000
1354467916.150140, 0.507240, 1016, 1.000000
1354467918.758983, 0.527873, 900, 1.000000
1354467920.646288, 0.414990, 800, 1.000000
1354467922.884616, 0.561081, 1000, 1.000000
1354467925.469417, 0.499984, 1000, 1.000000
1354467928.083536, 0.499984, 1000, 1.000000
1354467930.302173, 0.499984, 1000, 1.000000
1354467933.146132, 0.533981, 1100, 1.000000
1354467935.788042, 0.499984, 1000, 1.000000
1354467937.518204, 0.499984, 1000, 1.000000
1354467939.328236, 0.499984, 1000, 1.000000
1354467941.422658, 0.499984, 1000, 1.000000
1354467943.507364, 0.486348, 1100, 1.000000
1354467945.417832, 0.478075, 1100, 1.000000
1354467948.326665, 0.499984, 1000, 1.000000
1354467950.106815, 0.450320, 900, 1.000000
1354467952.033261, 0.525726, 1059, 1.000000
1354467954.753570, 0.524095, 900, 1.000000
1354467956.450952, 0.474876, 900, 1.000000
1354467959.303334, 0.496075, 1100, 1.000000
1354467962.020721, 0.499984, 1000, 1.000000
1354467963.757554, 0.532692, 1034, 1.000000
1354467966.562931, 0.499984, 1000, 1.000000
1354467968.301522, 0.510682, 1000, 1.000000
1354467971.065311, 0.499984, 1000, 1.000000
1354467996.961344, 0.485505, 801, 1.000000
1354467999.145912, 0.499984, 1000, 1.000000
1354468001.634379, 0.510762, 900, 1.000000
1354468003.299027, 0.499984, 1000, 1.000000
1354468005.946975, 0.458543, 900, 1.000000
1354468007.626279, 0.499984, 1000, 1.000000
1354468009.027604, 0.458987, 900, 1.000000
1354468011.604725, 0.523952, 932, 1.000000
1354468013.414906, 0.499984, 1000, 1.000000
1354468015.514467, 0.499984, 1000, 1.000000
1354468017.338174, 0.506135, 902, 1.000000
1354468019.168377, 0.499984, 1000, 1.000000
1354468021.357214, 0.568235, 800, 1.000000
1354468023.843512, 0.499984, 1000, 1.000000
1354468025.759415, 0.533596, 1080, 1.000000
1354468028.126008, 0.526984, 900, 1.000000
1354468030.148363, 0.522429, 900, 1.000000
1354468031.601840, 0.497438, 1100, 1.000000
1354468034.097793, 0.499984, 1000, 1.000000
1354468035.826457, 0.555688, 1138, 1.000000
1354468038.847544, 0.499984, 1000, 1.000000
1354468040.979021, 0.499984, 1000, 1.000000
1354468043.308605, 0.522762, 900, 1.000000
1354468045.135530, 0.499984, 1000, 1.000000
1354468047.161277, 0.499984, 1000, 1.000000
1354468049.247783, 0.499984, 1000, 1.000000
1354468051.486942, 0.465817, 1200, 1.000000
1354468054.906665, 0.499984, 1000, 1.000000
1354468057.609482, 0.389708, 700, 1.000000
1354468059.151086, 0.499984, 1000, 1.000000
1354468061.457952, 0.523728, 1200, 1.000000
1354468064.111686, 0.453209, 900, 1.000000
1354468065.927566, 0.499984, 1000, 1.000000
1354468067.851334, 0.499984, 1000, 1.000000
1354468070.021816, 0.499984, 1000, 1.000000
1354468071.683506, 0.499984, 1000, 1.000000
1354468073.422434, 0.521984, 900, 1.000000
1354468075.849097, 0.536981, 1100, 1.000000
1354468078.176382, 0.499984, 1000, 1.000000
1354468080.041980, 0.512979, 1200, 1.000000
1354468083.325981, 0.499984, 1000, 1.000000
1354468085.290081, 0.537146, 1200, 1.000000
1354468088.565612, 0.499984, 1000, 1.000000
1354468090.360747, 0.499984, 1000, 1.000000
1354468092.668332, 0.499984, 1000, 1.000000
1354468094.842174, 0.499984, 1000, 1.000000
1354468096.477507, 0.522128, 1050, 1.000000
1354468098.666734, 0.575843, 700, 1.000000
1354468100.736601, 0.499984, 1000, 1.000000
1354468102.541328, 0.486439, 1100, 1.000000
1354468104.402400, 0.499984, 1000, 1.000000
1354468106.301540, 0.533596, 1080, 1.000000
1354468108.428360, 0.494711, 1100, 1.000000
1354468110.123929, 0.502618, 1100, 1.000000
1354468112.884094, 0.513986, 800, 1.000000
1354468114.962397, 0.518284, 1000, 1.000000
1354468117.923871, 0.518206, 900, 1.000000
1354468119.709361, 0.499984, 1000, 1.000000
1354468122.087828, 0.499984, 1000, 1.000000
1354468125.002184, 0.499984, 1000, 1.000000
1354468127.106926, 0.499984, 1000, 1.000000
1354468129.761606, 0.499984, 1000, 1.000000
1354468131.905969, 0.499984, 1000, 1.000000
1354468133.498507, 0.521095, 900, 1.000000
1354468136.193320, 0.499984, 1000, 1.000000
1354468138.596378, 0.472166, 1100, 1.000000
1354468141.726228, 0.524984, 900, 1.000000
1354468143.682616, 0.499984, 1000, 1.000000
1354468145.787698, 0.514429, 900, 1.000000
1354468148.217717, 0.532052, 1300, 1.000000
1354468151.565591, 0.499984, 1000, 1.000000
1354468153.384491, 0.468543, 900, 1.000000
1354468155.553027, 0.517095, 900, 1.000000
1354468157.295968, 0.528845, 967, 1.000000
1354468160.194026, 0.493529, 1100, 1.000000
1354468162.162485, 0.486439, 1100, 1.000000
1354468164.315938, 0.521984, 900, 1.000000
1354468166.492867, 0.499984, 1000, 1.000000
1354468168.200919, 0.499984, 1000, 1.000000
1354468170.249993, 0.485984, 1100, 1.000000
1354468172.067037, 0.507762, 900, 1.000000
1354468173.938508, 0.499984, 1000, 1.000000
1354468177.099104, 0.504870, 1011, 1.000000
1354468178.835332, 0.516251, 1036, 1.000000
1354468181.681651, 0.519435, 1100, 1.000000
1354468185.009178, 0.489075, 1100, 1.000000
1354468188.419628, 0.489284, 1000, 1.000000
1354468190.441842, 0.499984, 1000, 1.000000
1354468192.313422, 0.496484, 1000, 1.000000
1354468194.774769, 0.523088, 906, 1.000000
1354468196.232038, 0.499984, 1000, 1.000000
1354468197.788882, 0.499487, 800, 1.000000
1354468200.109274, 0.519381, 1000, 1.000000
1354468203.052942, 0.499484, 1000, 1.000000
1354468205.059379, 0.487984, 1100, 1.000000
1354468207.149875, 0.499984, 1000, 1.000000
1354468209.366028, 0.504526, 1100, 1.000000
1354468211.509826, 0.494802, 1100, 1.000000
1354468213.957452, 0.499984, 1000, 1.000000
1354468215.765032, 0.450543, 900, 1.000000
1354468222.707825, 0.485505, 801, 1.000000
1354468225.465176, 0.499984, 1000, 1.000000
1354468229.172837, 0.509617, 1100, 1.000000
1354468231.980161, 0.520068, 1045, 1.000000
1354468234.444066, 0.495893, 1100, 1.000000
1354468236.678018, 0.540318, 900, 1.000000
1354468239.395932, 0.502451, 1006, 1.000000
1354468242.390400, 0.459876, 900, 1.000000
1354468244.449979, 0.502345, 1100, 1.000000
1354468247.179457, 0.463612, 800, 1.000000
1354468249.355911, 0.499984, 1000, 1.000000
1354468251.139156, 0.499984, 1000, 1.000000
1354468253.565916, 0.515818, 1035, 1.000000
1354468256.068089, 0.499984, 1000, 1.000000
1354468257.882940, 0.534563, 1200, 1.000000
1354468260.561910, 0.496802, 1100, 1.000000
1354468262.726710, 0.499984, 1000, 1.000000
1354468265.083411, 0.484466, 954, 1.000000
1354468267.251106, 0.499984, 1000, 1.000000
1354468269.617658, 0.501287, 1300, 1.000000
1354468272.414801, 0.499984, 1000, 1.000000
1354468274.574908, 0.499984, 1000, 1.000000
1354468276.482057, 0.499984, 1000, 1.000000
1354468278.081506, 0.499984, 1000, 1.000000
1354468279.742601, 0.499984, 1000, 1.000000
1354468281.845729, 0.529564, 1069, 1.000000
1354468284.803410, 0.499074, 1100, 1.000000
1354468287.070347, 0.499984, 1000, 1.000000
1354468289.458002, 0.534984, 900, 1.000000
1354468292.133870, 0.492439, 1100, 1.000000
1354468294.261475, 0.499984, 1000, 1.000000
1354468296.375839, 0.517284, 1000, 1.000000
1354468298.839343, 0.523873, 900, 1.000000
1354468300.839197, 0.471654, 900, 1.000000
1354468303.419720, 0.499984, 1000, 1.000000
1354468305.630380, 0.499984, 1000, 1.000000
1354468308.056121, 0.499984, 1000, 1.000000
1354468310.713963, 0.503254, 1100, 1.000000
1354468312.627205, 0.498284, 1000, 1.000000
1354468314.394934, 0.468209, 900, 1.000000
1354468316.967298, 0.499984, 1000, 1.000000
1354468319.103255, 0.499984, 1000, 1.000000
1354468321.235765, 0.488802, 1100, 1.000000
1354468323.171273, 0.497738, 1109, 1.000000
1354468325.121571, 0.405365, 800, 1.000000
1354468326.938254, 0.499984, 1000, 1.000000
1354468329.241094, 0.455987, 900, 1.000000
1354468331.243973, 0.512651, 900, 1.000000
1354468333.018252, 0.494529, 1100, 1.000000
1354468334.804926, 0.455543, 900, 1.000000
1354468336.411706, 0.499984, 1000, 1.000000
1354468338.789490, 0.543735, 800, 1.000000
1354468341.379315, 0.509095, 900, 1.000000
1354468343.158076, 0.499984, 1000, 1.000000
1354468345.602856, 0.499984, 1000, 1.000000
1354468347.662793, 0.524540, 900, 1.000000
1354468349.735553, 0.456687, 1000, 1.000000
1354468352.727770, 0.499984, 1000, 1.000000
1354468354.725828, 0.499984, 1000, 1.000000
1354468356.197935, 0.499984, 1000, 1.000000
1354468358.424329, 0.499984, 1000, 1.000000
1354468360.598276, 0.499984, 1000, 1.000000
1354468362.737848, 0.569485, 800, 1.000000
1354468364.521826, 0.499984, 1000, 1.000000
1354468366.418543, 0.488684, 1000, 1.000000
1354468369.152557, 0.514084, 871, 1.000000
1354468371.735867, 0.483529, 1100, 1.000000
1354468374.142838, 0.521206, 900, 1.000000
1354468375.974521, 0.499984, 1000, 1.000000
1354468378.290751, 0.499984, 1000, 1.000000
1354468380.330852, 0.499984, 1000, 1.000000
1354468381.970092, 0.538617, 1100, 1.000000
1354468384.381141, 0.531873, 900, 1.000000
1354468386.431479, 0.499984, 1000, 1.000000
1354468389.411816, 0.494984, 1100, 1.000000
1354468391.723935, 0.501164, 1100, 1.000000
1354468394.718680, 0.499984, 1000, 1.000000
1354468396.955776, 0.519095, 900, 1.000000
1354468398.697372, 0.499984, 1000, 1.000000
1354468400.813903, 0.499984, 1000, 1.000000
1354468402.238446, 0.480075, 1100, 1.000000
1354468404.864564, 0.516251, 1036, 1.000000
1354468407.328714, 0.515966, 1164, 1.000000
1354468410.071219, 0.450876, 900, 1.000000
1354468411.578765, 0.499984, 1000, 1.000000
1354468412.926662, 0.499984, 1000, 1.000000
1354468415.042183, 0.540072, 1100, 1.000000
1354468417.726170, 0.567268, 1179, 1.000000
1354468420.671000, 0.499984, 1000, 1.000000
1354468422.324926, 0.499984, 1000, 1.000000
1354468424.879686, 0.489984, 1200, 1.000000
1354468426.990555, 0.459765, 900, 1.000000
1354468429.372187, 0.499984, 1000, 1.000000
1354468431.073203, 0.491620, 1100, 1.000000
1354468432.787582, 0.499984, 1000, 1.000000
1354468434.514745, 0.499984, 1000, 1.000000
1354468436.303014, 0.481984, 1100, 1.000000
1354468438.644738, 0.499984, 1000, 1.000000
1354468440.539361, 0.450765, 900, 1.000000
1354468449.177141, 0.485505, 801, 1.000000
1354468451.435270, 0.499984, 1000, 1.000000
1354468454.558365, 0.499984, 1000, 1.000000
1354468456.632702, 0.499984, 1000, 1.000000
1354468458.302928, 0.521309, 1048, 1.000000
1354468460.639781, 0.499984, 1000, 1.000000
1354468462.637191, 0.488802, 1100, 1.000000
1354468465.227394, 0.436587, 1000, 1.000000
1354468467.492832, 0.499984, 1000, 1.000000
1354468469.542796, 0.499984, 1000, 1.000000
1354468471.650725, 0.499984, 1000, 1.000000
1354468473.239009, 0.499984, 1000, 1.000000
1354468475.257866, 0.499984, 1000, 1.000000
1354468477.055681, 0.499984, 1000, 1.000000
1354468479.703560, 0.499984, 1000, 1.000000
1354468482.573295, 0.499984, 1000, 1.000000
1354468484.265419, 0.530526, 1100, 1.000000
1354468487.430418, 0.515651, 900, 1.000000
1354468490.101452, 0.531254, 1100, 1.000000
1354468493.261516, 0.507708, 1017, 1.000000
1354468495.549122, 0.477529, 1100, 1.000000
1354468498.001083, 0.499984, 1000, 1.000000
1354468499.810450, 0.499984, 1000, 1.000000
1354468502.230499, 0.499984, 1000, 1.000000
1354468504.224500, 0.499984, 1000, 1.000000
1354468505.884432, 0.492075, 1100, 1.000000
1354468508.049793, 0.499984, 1000, 1.000000
1354468510.064112, 0.452432, 900, 1.000000
1354468512.115192, 0.492984, 1100, 1.000000
1354468513.787026, 0.479166, 1100, 1.000000
1354468516.571643, 0.507429, 900, 1.000000
1354468518.869092, 0.499984, 1000, 1.000000
1354468520.785429, 0.517539, 1039, 1.000000
1354468522.850045, 0.499984, 1000, 1.000000
1354468524.517215, 0.499984, 1000, 1.000000
1354468526.757702, 0.436490, 800, 1.000000
1354468529.285801, 0.486802, 1100, 1.000000
1354468531.814419, 0.499984, 1000, 1.000000
1354468533.570459, 0.502451, 1006, 1.000000
1354468535.710586, 0.499984, 1000, 1.000000
1354468537.573624, 0.529429, 900, 1.000000
1354468540.083637, 0.499984, 1000, 1.000000
1354468541.699685, 0.552400, 968, 1.000000
1354468544.549793, 0.506540, 900, 1.000000
1354468547.491503, 0.445087, 1000, 1.000000
1354468550.581012, 0.499984, 1000, 1.000000
1354468552.521577, 0.499984, 1000, 1.000000
1354468554.911710, 0.499984, 1000, 1.000000
1354468557.595411, 0.499984, 1000, 1.000000
1354468559.477619, 0.540436, 1100, 1.000000
1354468562.204706, 0.499984, 1000, 1.000000
1354468564.382596, 0.499984, 1000, 1.000000
1354468565.947719, 0.499984, 1000, 1.000000
1354468567.456759, 0.499984, 1000, 1.000000
1354468569.689798, 0.503184, 1000, 1.000000
1354468571.771002, 0.499984, 1000, 1.000000
1354468574.195560, 0.539452, 1097, 1.000000
1354468576.734936, 0.504284, 1000, 1.000000
1354468579.016669, 0.499984, 1000, 1.000000
1354468581.211446, 0.499984, 1000, 1.000000
1354468582.937480, 0.499984, 1000, 1.000000
1354468585.527247, 0.499984, 1000, 1.000000
1354468587.717256, 0.499984, 1000, 1.000000
1354468589.414144, 0.499984, 1000, 1.000000
1354468591.093451, 0.499984, 1000, 1.000000
1354468593.257583, 0.485439, 1100, 1.000000
1354468596.239334, 0.499984, 1000, 1.000000
1354468598.559967, 0.499984, 1000, 1.000000
1354468600.223480, 0.474876, 900, 1.000000
1354468603.395342, 0.499984, 1000, 1.000000
1354468605.862950, 0.502618, 1100, 1.000000
1354468608.089415, 0.499984, 1000, 1.000000
1354468610.750375, 0.499984, 1000, 1.000000
1354468612.625807, 0.509182, 1000, 1.000000
1354468614.854306, 0.499984, 1000, 1.000000
1354468619.126809, 0.486862, 800, 1.000000
1354468621.950970, 0.525429, 900, 1.000000
1354468624.794449, 0.499984, 1000, 1.000000
1354468627.504736, 0.495529, 1100, 1.000000
1354468630.010314, 0.468432, 900, 1.000000
1354468632.508659, 0.492620, 1100, 1.000000
1354468634.623827, 0.499984, 1000, 1.000000
1354468636.386777, 0.597235, 800, 1.000000
1354468638.690525, 0.452432, 900, 1.000000
1354468640.348101, 0.499984, 1000, 1.000000
1354468641.958460, 0.499984, 1000, 1.000000
1354468644.412922, 0.499984, 1000, 1.000000
1354468646.321124, 0.455209, 900, 1.000000
1354468648.957147, 0.434490, 800, 1.000000
1354468651.064208, 0.499984, 1000, 1.000000
1354468652.528956, 0.523540, 900, 1.000000
1354468654.056021, 0.499984, 1000, 1.000000
1354468656.192020, 0.567485, 800, 1.000000
1354468658.059657, 0.499984, 1000, 1.000000
1354468660.564449, 0.467384, 1000, 1.000000
1354468663.274638, 0.499984, 1000, 1.000000
1354468664.894202, 0.528165, 1044, 1.000000
1354468668.096715, 0.499984, 1000, 1.000000
1354468670.158213, 0.499984, 1000, 1.000000
1354468672.170879, 0.499984, 1000, 1.000000
1354468681.477256, 0.485505, 801, 1.000000
1354468683.571282, 0.499984, 1000, 1.000000
1354468685.476546, 0.484895, 1100, 1.000000
1354468688.058235, 0.506770, 1015, 1.000000
1354468689.591892, 0.475529, 1100, 1.000000
1354468692.846162, 0.453543, 900, 1.000000
1354468694.393870, 0.499984, 1000, 1.000000
1354468696.500949, 0.579360, 800, 1.000000
1354468698.704198, 0.523648, 926, 1.000000
1354468700.682000, 0.527717, 1162, 1.000000
1354468703.531621, 0.499984, 1000, 1.000000
1354468705.503415, 0.499984, 1000, 1.000000
1354468707.019349, 0.499984, 1000, 1.000000
1354468709.407312, 0.462098, 900, 1.000000
1354468711.915906, 0.499984, 1000, 1.000000
1354468714.696136, 0.450209, 900, 1.000000
1354468716.985050, 0.517429, 900, 1.000000
1354468718.879633, 0.494711, 1100, 1.000000
1354468721.193053, 0.499984, 1000, 1.000000
1354468722.731064, 0.499984, 1000, 1.000000
1354468724.911779, 0.499984, 1000, 1.000000
1354468727.298306, 0.505708, 1100, 1.000000
1354468729.701740, 0.499984, 1000, 1.000000
1354468732.694395, 0.528939, 926, 1.000000
1354468734.249241, 0.520897, 1047, 1.000000
1354468736.952752, 0.516822, 1300, 1.000000
1354468740.044853, 0.515873, 900, 1.000000
1354468742.098873, 0.499984, 1000, 1.000000
1354468744.388519, 0.499984, 1000, 1.000000
1354468746.782264, 0.531539, 934, 1.000000
1354470060.738177, 0.485505, 801, 1.000000
1354470062.863543, 0.498584, 1000, 1.000000
1354470065.369478, 0.499984, 1000, 1.000000
1354470067.488913, 0.495320, 900, 1.000000
1354470069.933267, 0.548617, 1100, 1.000000
1354470072.335534, 0.442487, 1000, 1.000000
1354470074.054480, 0.499984, 1000, 1.000000
1354470076.349128, 0.499984, 1000, 1.000000
1354470078.538463, 0.528617, 1100, 1.000000
1354470081.869894, 0.544355, 1037, 1.000000
1354470084.439195, 0.499984, 1000, 1.000000
1354470087.696440, 0.513984, 900, 1.000000
1354470091.848129, 0.523744, 1054, 1.000000
1354470094.444246, 0.499984, 1000, 1.000000
1354470096.596389, 0.509163, 1020, 1.000000
1354470098.641228, 0.499984, 1000, 1.000000
1354470100.907153, 0.507708, 1017, 1.000000
1354470103.683112, 0.499984, 1000, 1.000000
1354470106.540905, 0.529762, 900, 1.000000
1354470108.834313, 0.402240, 800, 1.000000
1354470110.581312, 0.499984, 1000, 1.000000
1354470112.805617, 0.499984, 1000, 1.000000
1354470115.785720, 0.493348, 1100, 1.000000
1354470117.726350, 0.499984, 1000, 1.000000
1354470119.844214, 0.499984, 1000, 1.000000
1354470121.930141, 0.499984, 1000, 1.000000
1354470123.692160, 0.499984, 1000, 1.000000
1354470126.487658, 0.451098, 900, 1.000000
1354470127.783651, 0.529467, 1168, 1.000000
1354470129.914688, 0.499984, 1000, 1.000000
1354470131.996201, 0.528206, 900, 1.000000
1354470134.447766, 0.499984, 1000, 1.000000
1354470136.620327, 0.464432, 900, 1.000000
1354470138.830616, 0.528809, 1067, 1.000000
1354470140.652804, 0.499984, 1000, 1.000000
1354470142.229286, 0.499984, 1000, 1.000000
1354470144.179838, 0.499984, 1000, 1.000000
1354470146.626096, 0.494075, 1100, 1.000000
1354470149.461949, 0.467543, 900, 1.000000
1354470151.715755, 0.507254, 1100, 1.000000
1354470154.259127, 0.499984, 1000, 1.000000
1354470156.830782, 0.499984, 1000, 1.000000
1354470158.441206, 0.518762, 900, 1.000000
1354470160.645688, 0.499984, 1000, 1.000000
1354470162.732398, 0.499984, 1000, 1.000000
1354470164.741906, 0.499984, 1000, 1.000000
1354470166.730425, 0.517651, 900, 1.000000
1354470168.893973, 0.499984, 1000, 1.000000
1354470171.141950, 0.523984, 900, 1.000000
1354470303.843301, 0.485505, 801, 1.000000
1354470306.007854, 0.497649, 1200, 1.000000
1354470308.217166, 0.517381, 1000, 1.000000
1354470310.869924, 0.492711, 1100, 1.000000
1354470313.528958, 0.499984, 1000, 1.000000
1354470316.038160, 0.541895, 1200, 1.000000
1354470319.459424, 0.540440, 1100, 1.000000
1354470321.824173, 0.499984, 1000, 1.000000
1354470324.197462, 0.520484, 1046, 1.000000
1354470326.601589, 0.485166, 1100, 1.000000
1354470328.896526, 0.499984, 1000, 1.000000
1354470331.143250, 0.486532, 803, 1.000000
1354470333.290449, 0.519317, 900, 1.000000
1354470335.226502, 0.499984, 1000, 1.000000
1354470337.438908, 0.499984, 1000, 1.000000
1354470339.910168, 0.583485, 800, 1.000000
1354470341.563488, 0.499984, 1000, 1.000000
1354470343.686010, 0.496075, 1100, 1.000000
1354470346.206816, 0.509984, 900, 1.000000
1354470348.864336, 0.517651, 900, 1.000000
1354470350.505061, 0.496166, 1100, 1.000000
1354470352.317766, 0.499984, 1000, 1.000000
1354470354.314166, 0.499984, 1000, 1.000000
1354470355.967286, 0.499984, 1000, 1.000000
1354470358.069455, 0.499984, 1000, 1.000000
1354470360.049665, 0.514543, 900, 1.000000
1354470362.665468, 0.491737, 800, 1.000000
1354470364.554405, 0.499984, 1000, 1.000000
1354470367.231333, 0.455876, 900, 1.000000
1354470369.085529, 0.501470, 1004, 1.000000
1354470371.387072, 0.499984, 1000, 1.000000
1354470373.403278, 0.503384, 1000, 1.000000
1354470375.851169, 0.499984, 1000, 1.000000
1354470377.596038, 0.450320, 900, 1.000000
1354470379.188479, 0.497984, 1000, 1.000000
1354470381.140239, 0.440887, 1000, 1.000000
1354470383.324956, 0.481439, 1100, 1.000000
1354470385.206819, 0.518593, 1015, 1.000000
1354470387.883458, 0.499984, 1000, 1.000000
1354470390.408626, 0.512540, 900, 1.000000
1354470392.376617, 0.499984, 1000, 1.000000
1354470394.218926, 0.513181, 1029, 1.000000
1354470396.366526, 0.499984, 1000, 1.000000
1354470398.145896, 0.461303, 918, 1.000000
1354470399.718676, 0.503425, 1008, 1.000000
1354470401.330773, 0.499984, 1000, 1.000000
1354470402.994387, 0.492738, 952, 1.000000
1354470405.385670, 0.524144, 1055, 1.000000
1354470407.844075, 0.550110, 800, 1.000000
1354470409.464911, 0.499984, 1000, 1.000000
1354470411.569267, 0.499984, 1000, 1.000000
1354470414.170886, 0.499984, 1000, 1.000000
1354470416.330952, 0.521429, 900, 1.000000
1354470417.914051, 0.499984, 1000, 1.000000
1354470419.535877, 0.529938, 1070, 1.000000
1354470422.050161, 0.499384, 1000, 1.000000
1354470424.551933, 0.499984, 1000, 1.000000
1354470426.178201, 0.499984, 1000, 1.000000
1354470428.905525, 0.517112, 1038, 1.000000
1354470431.218119, 0.499984, 1000, 1.000000
1354470433.178703, 0.495893, 1100, 1.000000
1354470435.545634, 0.499984, 1000, 1.000000
1354470437.497059, 0.503436, 1100, 1.000000
1354470439.874197, 0.499984, 1000, 1.000000
1354470441.731229, 0.503072, 1100, 1.000000
1354470444.016952, 0.499528, 1100, 1.000000
1354470446.933581, 0.499984, 1000, 1.000000
1354470449.020282, 0.499984, 1000, 1.000000
1354470451.220363, 0.413865, 800, 1.000000
1354470453.226446, 0.537206, 900, 1.000000
1354470455.715847, 0.499984, 1000, 1.000000
1354470458.407032, 0.493284, 1000, 1.000000
1354470460.891938, 0.460765, 900, 1.000000
1354470463.514999, 0.519095, 900, 1.000000
1354470465.045339, 0.499984, 1000, 1.000000
1354470466.624868, 0.499984, 1000, 1.000000
1354470468.111463, 0.499984, 1000, 1.000000
1354470470.603246, 0.523984, 900, 1.000000
1354470472.436992, 0.499984, 1000, 1.000000
1354470474.286610, 0.499984, 1000, 1.000000
1354470475.924347, 0.408240, 800, 1.000000
1354470478.219597, 0.499984, 1000, 1.000000
1354470480.866134, 0.499984, 1000, 1.000000
1354470483.187193, 0.499984, 1000, 1.000000
1354470485.149822, 0.499984, 1000, 1.000000
1354470487.090265, 0.499984, 1000, 1.000000
1354470488.907117, 0.499984, 1000, 1.000000
1354470490.784974, 0.499984, 1000, 1.000000
1354470493.128961, 0.484648, 1200, 1.000000
1354470496.577159, 0.523984, 900, 1.000000
1354470498.125484, 0.457320, 900, 1.000000
1354470500.195604, 0.499984, 1000, 1.000000
1354470502.074625, 0.499984, 1000, 1.000000
1354470504.373823, 0.513429, 900, 1.000000
1354470549.131964, 0.485505, 801, 1.000000
1354470551.252724, 0.499984, 1000, 1.000000
1354470552.772333, 0.499984, 1000, 1.000000
1354470554.874120, 0.499984, 1000, 1.000000
1354470556.453341, 0.499984, 1000, 1.000000
1354470558.336820, 0.499984, 1000, 1.000000
1354470560.376574, 0.499984, 1000, 1.000000
1354470562.320339, 0.499984, 1000, 1.000000
1354470563.957930, 0.499984, 1000, 1.000000
1354470566.265251, 0.499984, 1000, 1.000000
1354470568.690635, 0.499984, 1000, 1.000000
1354470570.438837, 0.475387, 1000, 1.000000
1354470573.006892, 0.484194, 1277, 1.000000
1354470576.393062, 0.475529, 1100, 1.000000
1354470578.854376, 0.484317, 1200, 1.000000
1354470583.066595, 0.562831, 974, 1.000000
1354470585.423306, 0.499984, 1000, 1.000000
1354470587.061419, 0.491711, 1100, 1.000000
1354470589.197048, 0.474711, 1100, 1.000000
1354470592.240162, 0.499984, 1000, 1.000000
1354470594.483837, 0.499984, 1000, 1.000000
1354470596.630409, 0.499984, 1000, 1.000000
1354470598.633474, 0.472651, 1200, 1.000000
1354470601.573537, 0.495584, 1000, 1.000000
1354470604.166093, 0.499984, 1000, 1.000000
1354470606.128156, 0.499984, 1000, 1.000000
1354470607.817743, 0.522984, 900, 1.000000
1354470609.743036, 0.499984, 1000, 1.000000
1354470611.798853, 0.498710, 1100, 1.000000
1354470613.610626, 0.499984, 1000, 1.000000
1354470615.028884, 0.502982, 1100, 1.000000
1354470617.272323, 0.493166, 1100, 1.000000
1354470619.236962, 0.478543, 900, 1.000000
1354470621.430312, 0.515254, 1100, 1.000000
1354470624.317831, 0.518812, 1042, 1.000000
1354470626.701975, 0.499984, 1000, 1.000000
1354470629.329421, 0.499984, 1000, 1.000000
1354470634.205241, 0.448351, 1100, 1.000000
1354470636.681460, 0.497395, 1104, 1.000000
1354470639.290355, 0.499984, 1000, 1.000000
1354470641.424724, 0.527540, 900, 1.000000
1354470643.803939, 0.517978, 1200, 1.000000
1354470645.978043, 0.499984, 1000, 1.000000
1354470648.020637, 0.497986, 900, 1.000000
1354470650.107206, 0.496992, 804, 1.000000
1354470651.865455, 0.499984, 1000, 1.000000
1354470653.579337, 0.527381, 1000, 1.000000
1354470656.242017, 0.494348, 1100, 1.000000
1354470658.211953, 0.401490, 800, 1.000000
1354470659.965266, 0.499984, 1000, 1.000000
1354470661.972502, 0.483348, 1100, 1.000000
1354470664.792767, 0.499984, 1000, 1.000000
1354470667.410238, 0.499984, 1000, 1.000000
1354470670.074102, 0.508317, 900, 1.000000
1354470671.875967, 0.516651, 900, 1.000000
1354470673.349145, 0.499984, 1000, 1.000000
1354470675.453464, 0.501164, 1100, 1.000000
1354470677.491452, 0.499984, 1000, 1.000000
1354470678.836923, 0.454876, 900, 1.000000
1354470681.125826, 0.506770, 1015, 1.000000
1354470683.412855, 0.499984, 1000, 1.000000
1354470685.216701, 0.491439, 1100, 1.000000
1354470687.054839, 0.499984, 1000, 1.000000
1354470688.863860, 0.529651, 900, 1.000000
1354470690.699042, 0.499984, 1000, 1.000000
1354470693.492549, 0.499984, 1000, 1.000000
1354470695.350747, 0.499984, 1000, 1.000000
1354470697.676289, 0.499984, 1000, 1.000000
1354470699.390402, 0.493484, 1000, 1.000000
1354470701.950549, 0.513317, 900, 1.000000
1354470704.461149, 0.499984, 1000, 1.000000
1354470707.252913, 0.499984, 1000, 1.000000
1354470708.857954, 0.517984, 900, 1.000000
1354470710.812683, 0.456987, 900, 1.000000
1354470712.817175, 0.499984, 1000, 1.000000
1354470715.200194, 0.456098, 900, 1.000000
1354470716.709064, 0.491893, 1100, 1.000000
1354470718.506321, 0.499984, 1000, 1.000000
1354470720.494011, 0.499984, 1000, 1.000000
1354470722.210557, 0.488075, 1100, 1.000000
1354470723.997641, 0.499984, 1000, 1.000000
1354470725.659043, 0.509844, 1018, 1.000000
1354470727.527742, 0.517095, 900, 1.000000
1354470729.667093, 0.405865, 800, 1.000000
1354470732.139895, 0.499984, 1000, 1.000000
1354470734.168411, 0.498347, 1100, 1.000000
1354470736.196803, 0.527873, 900, 1.000000
1354470738.802469, 0.538000, 767, 1.000000
1354470740.944509, 0.499984, 1000, 1.000000
1354470743.130036, 0.499984, 1000, 1.000000
1354470744.831925, 0.507292, 1016, 1.000000
1354470747.590022, 0.533540, 900, 1.000000
1354470749.687426, 0.496620, 1100, 1.000000
1354470752.253910, 0.475543, 900, 1.000000
1354470754.242374, 0.499984, 1000, 1.000000
1354470756.603886, 0.499984, 1000, 1.000000
1354470758.753190, 0.489802, 1100, 1.000000
1354470761.228990, 0.499984, 1000, 1.000000
1354470762.756812, 0.481166, 1100, 1.000000
