[0, 0, 0, 0]
[-0.0039159183964398384, -0.0036121946007592691, -0.00070793917791356744, -0.00071999877228166843]
[-0.0038025348352133249, -0.0035486296666876415, -0.00069288809655308412, -0.00069327085679766153]
[-0.0036237234203582306, -0.0034731731705911276, -0.00067104833305534778, -0.00063773170559726442]
[-0.0035222346828183105, -0.0034159889677461168, -0.0006596112377190576, -0.00062629478764461934]
[-0.0034296076590986319, -0.003376844866027975, -0.00063806160063473898, -0.0006161791636109359]
[-0.0032646661978693375, -0.0033001565717404586, -0.00061850897829872136, -0.00057621737457097338]
[-0.0032273298732960992, -0.0032963627152958479, -0.00061472143136944444, -0.00055728603666911798]
[-0.0032251096355513887, -0.0032963386712395264, -0.00061463472988335164, -0.00055726755560197476]
[-0.0031325130219805402, -0.0032630235383672656, -0.00060316509649994661, -0.00052187602705833344]
[-0.0030876494148486676, -0.003258100884614415, -0.00059825479779879675, -0.00049736389042057453]
[-0.0030076472075070576, -0.0032491032658347073, -0.00057068516137653825, -0.00047098836166496955]
[-0.0027465761752341914, -0.0047697280542512285, 0.00089174009094252936, -0.00045156019093092249]
[0.0031975517308833815, -0.0036462027309835817, 0.0062740101139506154, 0.00062593877795810195]
[0.0051335067216993907, -0.0036155639425575559, 0.0062342220367569865, 0.00062325484954653724]
[0.0089840927080337401, -0.0028781376823019712, 0.0084430425386056822, 0.0028379328599460974]
[0.008551623209152804, -0.0043668481717963233, 0.0097574460161891051, 0.0026547856106764471]
[0.0085450350015083693, -0.0043668827128881182, 0.0097572878423427441, 0.0026547365293227787]
[0.010289750431413445, -0.0040023138722434697, 0.011555141211143621, 0.0029422989774973989]
[0.011526890270448023, -0.0037210483501982682, 0.012962178855285179, 0.0032222317703435475]
[0.011159502366672789, -0.0037600620868881323, 0.012922437239147011, 0.0030270972640725155]
[0.011081653085961722, -0.0037624741335151126, 0.012915894538653104, 0.0029939476317209744]
[0.01071116892714296, -0.0038038197894869502, 0.012786134993164722, 0.0028469888322515363]
[0.012239533286112211, -0.0034745433646949995, 0.014352070563535196, 0.0030539536082306914]
[0.012047782546924603, -0.004957588495100548, 0.015640028168984833, 0.0030214388877623046]
[0.011594070494694209, -0.0050128751757833037, 0.015363597004235256, 0.0029661493056426548]
[0.011490460402243262, -0.0050143841826852586, 0.015355481752807763, 0.0029196311538467177]
[0.009523466623550839, -0.0067654131697551115, 0.015005273549084609, 0.0025694158286256206]
[0.0093659565782468514, -0.0067872602088767994, 0.014889670852124561, 0.0025464680297678484]
[0.011132073048926855, -0.0064162255223666944, 0.016725828418695517, 0.0028750525462572065]
[0.010679282614593003, -0.0064720783260216568, 0.016446566809864307, 0.0028191973342215162]
[0.012601760437378795, -0.0064798112925608369, 0.016438780125152628, 0.0027805716529681352]
[0.014381237391034299, -0.0064896669635243947, 0.016466844281270085, 0.0026933020210825206]
[0.0121786029027209, -0.0082355672495449013, 0.015977095680526136, 0.0023202387369479658]
[0.013313695426894668, -0.0079487550941406623, 0.017252113247278589, 0.0025421885639859633]
[0.015040598784007561, -0.007606221653264033, 0.017451127822217416, 0.0042228391672274948]
[0.014970613100524865, -0.0076069897255565148, 0.017449411306666544, 0.0042185518251908619]
[0.014475511479984497, -0.0076113475370960587, 0.017145509347326029, 0.0041168210929926896]
[0.01726719148433924, -0.0070086493529476898, 0.020476135856631782, 0.0044006862537010324]
[0.019748836326235128, -0.0064647676154076395, 0.023343381361182091, 0.004795108129609078]
[0.019731225212345722, -0.006464971826197769, 0.023343166146534994, 0.0047940952326986155]
[0.017498894518143814, -0.008340038785945551, 0.022939138551318499, 0.0042470877501730349]
[0.01886607228431423, -0.0080140148410255234, 0.024499903425003352, 0.0045615373634878007]
[0.018831579932908637, -0.0080133757923685212, 0.024498634625760917, 0.0045613459210651986]
[0.01687154772805672, -0.0099147270259815779, 0.024111286235588635, 0.0041386905868617567]
[0.014813515234622538, -0.011300006430194517, 0.02546163639547187, 0.004025825373915581]
[0.014797174453034714, -0.011300036792150532, 0.025460881933880814, 0.0040256920553608227]
[0.013747835395431719, -0.012897286959569878, 0.026441459593790378, 0.0037177467472067302]
[0.01574422339904525, -0.012466266026351019, 0.028305860352006842, 0.004100298272836019]
[0.014282170086175966, -0.01399609652926048, 0.027999893416780816, 0.0037943318837711645]
[0.014181540400675763, -0.014008070855905922, 0.027987666130086134, 0.0037330586582045157]
[0.015301521786903735, -0.013758744766988502, 0.029354067597751287, 0.0038625906629107987]
[0.014920188086452974, -0.013787727923111866, 0.0293132668127991, 0.0037294624497001706]
[0.014860300100246478, -0.013788200591213036, 0.029311099658088566, 0.0037287935697432016]
[0.012794251266226497, -0.015598086736257174, 0.028937264681058093, 0.0032956714128087507]
[0.010401975196244815, -0.015631626564265581, 0.028650618205783383, 0.0032422861995916701]
[0.0095349219864844115, -0.015740787066457609, 0.028123675490059379, 0.0030881331284223316]
[0.011114776807537242, -0.015425520087634429, 0.02973099514502452, 0.0033724143102698552]
[0.011114763038586408, -0.015425520087379078, 0.029730995144589805, 0.0033724143100390962]
[0.0091632377688077287, -0.017214196477818893, 0.029372989387434729, 0.0030139735315858219]
[0.010778049555511102, -0.016894864641501216, 0.030969734372999908, 0.0033332180657762414]
[0.010649183363141973, -0.016899263971880282, 0.030947421047071991, 0.0033287587787766237]
[0.011833410141251626, -0.016643268284554893, 0.032215312471057467, 0.0035827397140571673]
[0.011827842009088306, -0.016643281212377802, 0.032215205038444238, 0.0035827195996739982]
[0.0098301886406613661, -0.0184507046868988, 0.031831256715398173, 0.0030919102441013756]
[0.0093649805356525017, -0.018283901015786044, 0.031446920218366821, 0.0028465632786866834]
[0.0093962889408981225, -0.018189486633558374, 0.031456172535362002, 0.0028276619652345064]
[0.0091655735629677104, -0.018210671721324699, 0.031432990457092441, 0.0027237299961347188]
[0.0091579485517864836, -0.018210674810569073, 0.03143294428107013, 0.0027236089018710446]
[0.0087259506567879709, -0.019519529227552217, 0.032461948000233845, 0.0026769149119881528]
[0.0075687390260742267, -0.020739918934440563, 0.032217836255409811, 0.0024326347453388353]
[0.0065018816398471155, -0.020680785189351337, 0.031410068469254905, 0.0021423779668032455]
[0.0056570888210673133, -0.020781156383947574, 0.030908212481148237, 0.0020420067653001486]
[0.0029335480510952528, -0.020883754885378816, 0.030465372963850212, 0.0018573309663660823]
[0.0011962364186517754, -0.020732509257775082, 0.030492386333821165, 0.0018870386040429547]
[0.00082205452203764891, -0.020754759242089929, 0.030433959030852737, 0.0018119452670121601]
[-0.0011199944716328825, -0.022449415936542021, 0.030083362009216082, 0.0014710020748591169]
[0.00072362697388575633, -0.02186420571493455, 0.031556749167236595, 0.0018141016375778005]
[0.00065497861856877158, -0.021870761183647388, 0.031549844110773446, 0.0017812883461680324]
[0.00065702470383392384, -0.021870470170501904, 0.03154984447795281, 0.0017813350594568366]
[0.0010475923056223629, -0.021681047103676913, 0.032496946147912716, 0.0019707530578643201]
[0.0011050459244674724, -0.021668034492049452, 0.032497934781993421, 0.0019730860397740449]
[0.0022644469323637811, -0.022685029810175332, 0.035000311163573175, 0.0021234232079147463]
[0.00024098362886678328, -0.024407419653738337, 0.034640940604362097, 0.0017087862742231356]
[-0.0042285532812843668, -0.026179075207011449, 0.033973196430168905, 0.0012530042989310768]
[-0.0039860176653384316, -0.026010875775311283, 0.034001915224064296, 0.0012571723453958061]
[-0.0031852449753444691, -0.025811179834158756, 0.035066841615136644, 0.0013770224658531728]
[-0.0038864779370932179, -0.02685176374465913, 0.034845820323039636, 0.0011276760036366285]
[-0.0072558345732178873, -0.02821448904558772, 0.03454656830791835, 0.00078209640122337443]
[-0.0066025418177848728, -0.027798497802689622, 0.034628872632325759, 0.00086513929732039694]
[-0.0063411478616102381, -0.02763582671476288, 0.034647449890989522, 0.00089527426509287251]
[-0.0025001582526825144, -0.027283842094246696, 0.03629666982891324, 0.0012252122546478064]
[-0.0039331855799691878, -0.028886497930426223, 0.035961362801072247, 0.00082542449735592311]
[-0.0025793075957923064, -0.028583888718626015, 0.037407830462306113, 0.0011162885046671156]
[-0.0023651015501576123, -0.029525263100676189, 0.038672508598535611, 0.0011127021348071996]
[-0.0026688452481618682, -0.029574756077940797, 0.038467882566506115, 0.0010176438221508309]
[-0.0028500030846319727, -0.029597287233572651, 0.038445291327526332, 0.00090497685594773103]
[-0.00094145537561579498, -0.029605446118776305, 0.038437126225765054, 0.00086414983975225085]
[-0.00098196430189933853, -0.02961081853370387, 0.038431740562124665, 0.00083721373070508483]
[-0.00012583614648609305, -0.029357172454027771, 0.039770272613506637, 0.0010203691860378452]
[-0.0027356560069884605, -0.032152201379891623, 0.039182569413007469, 0.00041062177633000859]
[-0.0050381680142808812, -0.034786991971357095, 0.038632781405746587, -0.00013626771901374679]
[-0.0072659110400793321, -0.036986995781627237, 0.038125647027592899, -0.0005842891026274431]
[-0.0083030438262986991, -0.039246107099591782, 0.037672206998880575, -0.0010359295778202225]
[-0.0047583738332964802, -0.03810181603420721, 0.037646670647620895, -0.00079852540716337877]
[-0.0042129745622361226, -0.040099642921764919, 0.037236489256343736, -0.0011992817944243373]
[-0.0045883366678901747, -0.040056883934439728, 0.037096072816343306, -0.001166069788914057]
[-0.0026919558167926259, -0.039381353829425744, 0.037055804033186313, -0.0010425340490890105]
[-0.0021406090545735708, -0.039301579961467888, 0.037071342688838764, -0.0010205909256489128]
[-0.0021220475463592328, -0.039299917576754356, 0.0370671449087287, -0.0010194757714751459]
[-0.00022033804472429677, -0.039252122987092082, 0.037014247346167144, -0.001015690336043029]
[-0.00069128151312799709, -0.039271983380744301, 0.036758548681788232, -0.00094753881232142794]
[-0.003770994135577457, -0.039657115280569116, 0.03473153430635631, -0.0013024890817636386]
[-0.0037653851633579032, -0.041558870850011177, 0.036624346454635123, -0.001272708978789591]
[0.00029356065719511441, -0.039917888688468621, 0.036969271921713433, -0.00077021528953291195]
[-0.00025550409685182499, -0.040738563135775833, 0.036771275618699618, -0.00078319683191395569]
[0.0018596349771739129, -0.040684957869047599, 0.036751248091503909, -0.00077723792529608396]
[0.00026639082207214698, -0.040745519339422054, 0.036329685234901758, -0.00072938660256146801]
[0.0015986680874459547, -0.040174634037213636, 0.036431235504519072, -0.00061726457759345111]
[0.00143994366822408, -0.040682286837055825, 0.037889575709899807, -0.00043520387211243701]
[0.0021074935182872822, -0.040462578351055101, 0.038985594870428075, -0.00021587618009720653]
[0.0036754424958015835, -0.040179587790059361, 0.040314631921503044, 8.9409508125675702e-05]
[0.003101006684079866, -0.04019758928224889, 0.040196750296859075, 6.6648255765049483e-05]
[0.0048362988607625465, -0.039554546918926417, 0.040120892464612722, 0.00016508617010273341]
[0.0027019059236003595, -0.039647029889335342, 0.039521814157838703, 4.3778093768985896e-05]
[0.0027481756457574161, -0.039797795054774113, 0.037315646112804579, -0.0003140870860475892]
[0.0045226522138537518, -0.039126763938502583, 0.038431258655833217, -1.3947360045809256e-05]
[0.0058087303637446427, -0.039194805436961841, 0.037924146189233038, -0.00010686564371760086]
[0.0070598593101622682, -0.037742023131643751, 0.038211300638989948, 0.00017894431931362494]
[0.005686431187633339, -0.03764379176693531, 0.038575757999000863, 0.00025396541698838369]
[0.0062697219213414378, -0.037374963097306764, 0.039812481736589293, 0.00039827145737040696]
[0.0057168381001994496, -0.037390064860143048, 0.039710640628874014, 0.00036026489034610745]
[0.0049229952649660416, -0.037060930892058155, 0.038331611459584261, 0.00018326342542295779]
[0.0069504234726455172, -0.03648978904636041, 0.0392720070934275, 0.00043464622021000194]
[0.0057494503340309285, -0.036715032793673538, 0.038938492027986098, -0.001339782694341168]
[0.0047874146565300571, -0.036732301035836933, 0.038775699937357688, -0.0013442150589424524]
[0.00055671458272089111, -0.037247578917906185, 0.035318655460924074, -0.0019408166808179105]
[-0.0013517821866595846, -0.037228821187002402, 0.035307529559842808, -0.0019366503775769665]
[-0.0012415999265252425, -0.037179619079814152, 0.035260980243243339, -0.0019348402283152707]
[-0.0010613604277305995, -0.037164628417724749, 0.035267211620155142, -0.0019050635844072316]
[-0.0010513588000327552, -0.037164302225307012, 0.035267265869686121, -0.0019035551732185423]
[-0.00093710903578399587, -0.037004255732381364, 0.035052423294916077, -0.0018331905781048927]
[-2.9365894727522493e-05, -0.037599673732307624, 0.034925182603431325, -0.0017480410726687101]
[-0.0013251820017721142, -0.037821525540442942, 0.034538739533757475, -0.0035258732242318294]
[-0.0034755945829287949, -0.038096659936531059, 0.031949681997848541, -0.0037551736588469745]
[-0.0030255465674052756, -0.039453253278023223, 0.031566431843329308, -0.0040345769908001795]
[-0.0026555339380986351, -0.039430301617289491, 0.031569374679592935, -0.0040235925686751628]
[-0.0028629226649334706, -0.03982917334817241, 0.032879581627951168, -0.0037763125999208994]
[-0.0037013700754158141, -0.040860756053712186, 0.033072301804990357, -0.0039125589888164341]
[-0.0047793263481648697, -0.04247466416393763, 0.03276742332483356, -0.0041261326646278729]
[-0.0030107131178792302, -0.042860711365927305, 0.03514056323058596, -0.0037914420512522931]
[-0.0024063950671482197, -0.042569210125397321, 0.036214682304025525, -0.0034851357752709051]
[-0.0064322689101558956, -0.042931553992925496, 0.034398177417568912, -0.0038472092676664661]
[-0.0068921429848344037, -0.04294325297948428, 0.034338770150259212, -0.0038581382103203012]
[-0.0063039642460441404, -0.042729149936254977, 0.035262400272134287, -0.0035505077593546222]
[-0.0042407694636209178, -0.042787140353350822, 0.035189989402620497, -0.0039070950819091038]
[-0.0037220674610666028, -0.042731228046715232, 0.03522950626361103, -0.0036743823356400513]
[-0.001074012062294321, -0.042214498776195104, 0.036343880499952401, -0.0033937013265117034]
[-0.00071861210743843758, -0.042175204546952332, 0.036340441041858733, -0.003384314987873407]
[0.00049489804739844478, -0.041653933540988571, 0.036241926858622063, -0.0032645521706314326]
[0.0025411921621764175, -0.041001660130537042, 0.036615549388209073, -0.003092895250557383]
[0.0052013828451494618, -0.041141310919369713, 0.038736960900484951, -0.0027625867514529797]
[0.0076584728899830902, -0.040476859033345643, 0.040072442027179897, -0.0024287002939327265]
[0.0049834499514046018, -0.040789800710225942, 0.037815131408477649, -0.0027853090979629617]
[0.0045995666091486961, -0.040770760576555584, 0.037555048097899245, -0.0027944887488790572]
[0.0039955671515080945, -0.040769693896184775, 0.037461739412066541, -0.0027992529270283724]
[0.0018715091193997548, -0.040762189852125714, 0.037420624053597168, -0.0028016597351703774]
[0.0012730315954218663, -0.041788019604448945, 0.037226480695162309, -0.002931995081332699]
[0.0015305459462541557, -0.040182767587502048, 0.036782093796832366, -0.0027706843886044202]
[0.0025721386962857043, -0.040517529739959125, 0.036187850788571854, -0.0029252496720872049]
[0.000424916249514359, -0.042141312902232518, 0.035202918843238784, -0.0032992549573965368]
[0.00075022075857162545, -0.041953106280366463, 0.034954346515785543, -0.0031378506972588858]
[0.0023549765901170472, -0.041682098623763181, 0.036104612515302247, -0.002825844901888325]
[0.0015078307246590131, -0.042687752025072342, 0.036695585279841035, -0.0026117861412476876]
[0.0023483371183620392, -0.042456808123660122, 0.036549638176694071, -0.0025975902688146267]
[0.001712442003843805, -0.042476644851570447, 0.036449847741393371, -0.0026168247786495145]
[0.0039456201771876113, -0.04206991104062352, 0.037847584679909112, -0.0022679319927616827]
[0.0049304103302913148, -0.041714815598563749, 0.037827561078352653, -0.0021180861078922042]
[0.0051171447734618515, -0.041689554605126779, 0.03784778846284164, -0.0020024441874951495]
[0.0052618547588376748, -0.041469295373723888, 0.038742718031433379, -0.0016017836349453958]
[0.00581495510030915, -0.041901105857869235, 0.038081401903738051, -0.0015341481085077058]
[0.0047483495824529589, -0.041811145814380349, 0.037535400542296843, -0.0016095461675699808]
[0.0053767745270559813, -0.041759511920556304, 0.037520772248033823, -0.0016033339841907044]
[0.0042721566283029835, -0.041808367875683372, 0.036818677554275016, -0.0016360810060617381]
[0.0056766745868856881, -0.042156641823129233, 0.037806847150293657, -0.0014985832316142102]
[0.0035106770363669765, -0.044740263198427548, 0.037289158795922976, -0.001928964284250125]
[0.0044482128562997924, -0.044621758885845672, 0.037313618453569862, -0.001900387805719895]
[0.0018338384618858943, -0.047025391569819573, 0.036757186664632367, -0.0023019597528882857]
[0.0020992879480428465, -0.047012644934689811, 0.036760062422196038, -0.0022969486196316655]
[0.0027070065144068471, -0.046952579531141569, 0.036756041829689973, -0.0022702009247864371]
[0.0028913931300604601, -0.04591063774987765, 0.036946137702288023, -0.0020646675383672263]
[0.0060825272950902213, -0.045299905550800296, 0.039911732676844086, -0.0014660155473615645]
[0.0070918888203237536, -0.045188244735242862, 0.039934291368005782, -0.0014225042454617518]
[0.0083211980397641036, -0.044942991867002909, 0.041072763868726228, -0.0011471217638179896]
[0.0096936607638625338, -0.045693249459330246, 0.040334604622917075, -0.0011852237733283454]
[0.010872320384143803, -0.046373145795696437, 0.043898683215217581, -0.00068926031199932668]
[0.015230268322930045, -0.045574276595293443, 0.046883796118402835, -3.8761664487140622e-05]
[0.0092780726311758807, -0.047152962131892281, 0.042903150380793682, -0.00096529097126312326]
[0.010726997744485151, -0.048675197610686907, 0.042120086405958913, -0.0013494713161502636]
[0.011070959791773577, -0.047026889880668853, 0.0409391836587377, -0.0012684594159854214]
[0.01213668001156841, -0.046871374986250811, 0.040348575286274148, -0.0013353266819322643]
[0.012240094071527579, -0.046862029224220926, 0.040347399697796639, -0.001327740141019285]
[0.012096622188289354, -0.046670232126019881, 0.040699838180072063, -0.0010517797482763179]
[0.0107514134783323, -0.046721427208286662, 0.040443347198593618, -0.0011026705953914348]
[0.014212144383290477, -0.046866483185413393, 0.042869957264515673, -0.00071956376051615894]
[0.011004128181867854, -0.047293797038152334, 0.039764982957729532, -0.0012643640034617537]
[0.0092551466144459686, -0.048411090691305822, 0.039402814887057172, -0.001503446076510507]
[0.010835280431235031, -0.048123840183352459, 0.040615419005149367, -0.0012084788326185598]
[0.010846802647487011, -0.048118026790164123, 0.040602484600756557, -0.0012063562573729767]
[0.0091052511955492035, -0.04819760836010293, 0.040004129950086689, -0.0010856707548108609]
[0.008127913959939493, -0.048348428987090332, 0.039973501968862422, -0.0011137700517481518]
[0.011437459577261107, -0.047496028442837471, 0.042425929719488747, -0.00056284717472186892]
[0.01084176548530715, -0.048223549167427909, 0.042265674751939944, -0.00070934499646435145]
[0.0096162270650370398, -0.049616104946221068, 0.041963813549670673, -0.00099173694942870884]
[0.012585679179649084, -0.049399462066834446, 0.043037019072111403, -0.00076793016704967965]
[0.012884880525051535, -0.048502242766180877, 0.043150409485543863, -0.0005728673497516839]
[0.0099733836753627767, -0.048861589798784875, 0.041193170565575504, -0.00092791674304854087]
[0.010537389923804714, -0.04950248903361229, 0.042295082890070342, -0.00084513751550394794]
[0.014349362319298174, -0.048758735643749745, 0.045029129175569838, -0.00023019939172681412]
[0.015300040435843234, -0.048237947077018041, 0.045934208647834415, 8.3098865796539632e-06]
[0.016471194299121313, -0.048940315605865814, 0.046845050906832802, 8.3935478749919335e-05]
[0.016103642292432871, -0.049746159539858406, 0.046628637336101016, -7.519903664299991e-05]
[0.012900685965856397, -0.052034590668753392, 0.045826850032885849, -0.00058759565118655748]
[0.012636443110091929, -0.053395661659571117, 0.045549020080664464, -0.00085423551304654856]
[0.013938734677782913, -0.053076302984873397, 0.04561398672095867, -0.00066222504032726693]
[0.01472706352780115, -0.052945034923130761, 0.045625645164615203, -0.00063735359921239596]
[0.015333371595043334, -0.052826327808548984, 0.045647511697382154, -0.00061227593288649658]
[0.016421754768134303, -0.052560384775004722, 0.045700614825918869, -0.00055885277813228602]
[0.015106769616448563, -0.052512815864652458, 0.043861990247698712, -0.00081912568981388611]
[0.017284169792854315, -0.052179085475107342, 0.045430440627083055, -0.00048380103027488949]
[0.017804544222994174, -0.052078025048583179, 0.045442231280436604, -0.0004648096416561792]
[0.01773252850503923, -0.051764907867629363, 0.046679643805472237, -0.00015534762078746274]
[0.014406992849546505, -0.0520472306116503, 0.043938537131214067, -0.00065811623672950518]
[0.010705625106348706, -0.054594378528743236, 0.043455153645718995, -0.0011561244021415238]
[0.009564790845384339, -0.055483277362688148, 0.042823642888058691, -0.0012646600920314755]
[0.0095735223851687069, -0.055479606370264237, 0.042822022514721336, -0.0012642517147907575]
[0.0096100087346624834, -0.05545752963847881, 0.042837540381415094, -0.0011503690135618145]
[0.012304233924710535, -0.054833728814715835, 0.043916063480830256, -0.00084002192998166669]
[0.0098873243198007044, -0.055687886385907069, 0.043025040149764979, -0.0011095421770815543]
[0.0091619694599876025, -0.057548567128976269, 0.043837489200115175, -0.0011031583813908971]
[0.014920118633470572, -0.055653436332949099, 0.044262260195126482, -0.00040495150886625449]
[0.016519919739988332, -0.055664761478994948, 0.045059568292829186, -0.00021770538341904161]
[0.019230880492804612, -0.054643581035369759, 0.045274612677388255, 5.7033952903522549e-05]
[0.020608807782751107, -0.053958232388153532, 0.045319861031863806, 0.00022624077844980028]
[0.021669348133736319, -0.053644464507817687, 0.046837961063331428, 0.00058539936723831019]
[0.02156064088358417, -0.054610664598744807, 0.047867766178715604, 0.00059934690596405535]
[0.022905748044785786, -0.054478900725282262, 0.047891831208474477, 0.00062620186807799886]
[0.02429362878898933, -0.05447066261751117, 0.047697887373217021, 0.00059909820523850214]
[0.025176217056771699, -0.055011885280378127, 0.048248790162741848, 0.00061368287583056416]
[0.027230278723088797, -0.054369449941607327, 0.048327981333056033, 0.00075527551677858371]
[0.027318110013512371, -0.054343997949822399, 0.048327493639205736, 0.00080214606120522036]
[0.032766860771037486, -0.053849233446705391, 0.047970678990528745, 0.00082721353581278491]
[0.032701770910768049, -0.056001333875378811, 0.047516950342451937, 0.00039291078788941349]
[0.035267383199844328, -0.055523445230614969, 0.049732069417892114, 0.00088876441284506142]
[0.035212413638397978, -0.055323893630698097, 0.049535088379421804, 0.00089179772269307059]
[0.034995229190779568, -0.056832353598264815, 0.049224649468527351, 0.00059594096936880126]
[0.033475582449430226, -0.05689651267801045, 0.048884334793602914, 0.00053218855346597396]
[0.034014304538043057, -0.056662977929433103, 0.050022347949963186, 0.00079398570454584515]
[0.034394593493685233, -0.056513179231469556, 0.050720519579045269, 0.00094339486284540945]
[0.035509531024657238, -0.054529389705866543, 0.051674125110540217, 0.0014313942323790469]
[0.028553651946825905, -0.057109798435428211, 0.048658230451696476, 0.00050130843098118466]
[0.027462051158051268, -0.057144219296420676, 0.048422528019943935, 0.00050902701039627542]
[0.026560770820050227, -0.057826642906134151, 0.04801544567390164, 0.00042698079099543656]
[0.024331143595795034, -0.057832421067415797, 0.047977401170817099, 0.0004209144003976915]
[0.026253655650924787, -0.058168135021297307, 0.047921069237351711, 0.00042410976666758021]
[0.026493323971333145, -0.05788618933767882, 0.047652431726068846, 0.00042749382197449913]
[0.025748484604898775, -0.05801922225928613, 0.046960297787090932, 0.00030280289196983709]
[0.026566252875117529, -0.057872749211000142, 0.046994023639902537, 0.00036881838274033907]
[0.02322122460756831, -0.058393627320172926, 0.043604020160192006, -0.00027450470489700948]
[0.024307091732369494, -0.059180956900943223, 0.043452092265651582, -0.00035523607405649194]
[0.02356256151243943, -0.058904073959598381, 0.043504924003666526, -0.00024567320980520253]
[0.023792655092625122, -0.058885208855618959, 0.043522269489259295, -0.00016044979334512306]
[0.025759743731684791, -0.05796826817060529, 0.043706789063198456, 3.377915373150046e-05]
[0.025831719922738403, -0.057947323986833818, 0.043684035479192619, 3.6614635357339452e-05]
[0.030897017605148448, -0.055393391092749288, 0.045135219802651283, 0.00070506345201170684]
[0.031024067226155125, -0.055374934599160493, 0.045094673063001064, 0.00070811083566695932]
[0.030880431600104539, -0.055365241437781793, 0.044943263907912347, 0.0006920156045171304]
[0.031757579175309483, -0.053830629400193862, 0.045229933422163922, 0.00099747032403038724]
[0.036156108536615668, -0.053520779416850378, 0.046633390158313817, 0.0012978894854664186]
[0.036119413133345706, -0.053520953724701496, 0.046631791846993932, 0.0012976184860464587]
[0.032645730347592182, -0.053827310724535178, 0.045083747342876151, 0.0009887531558256616]
[0.032703182805939611, -0.053824835087014175, 0.045083101109497724, 0.00099640261316330156]
[0.034821261178686044, -0.05316227102316809, 0.045197114920681285, 0.0011421120387888127]
[0.038236482942061091, -0.050211753330477123, 0.045569981887836231, 0.0016826901837171141]
[0.037612157187036963, -0.050240517678206538, 0.045370415575323945, 0.0016228398672513819]
[0.034936058535651418, -0.051536114339342298, 0.044622120111362809, 0.0012822041816828427]
[0.033675196691211377, -0.051859522945490795, 0.044511934198467641, 0.0012158455290268001]
[0.036521993955780575, -0.051043825688353951, 0.046106094152826398, 0.0016155919143613763]
[0.037300920467806975, -0.050874644522986762, 0.046133427699104286, 0.0016336866888220023]
[0.037491156586261079, -0.050789762581396392, 0.046125843430657378, 0.0016197782767230124]
[0.037396166711993785, -0.050791819907123732, 0.046097971935212818, 0.0015172372118644473]
[0.035399492461782034, -0.050791783429027799, 0.046097962850505374, 0.0015171835400943972]
[0.031683572373342524, -0.051257993121204271, 0.043488744141987765, 0.001004681841081998]
[0.033534648352493091, -0.050709010770384443, 0.043543558453160075, 0.0011053454707518888]
[0.033751914516106381, -0.050685232381792018, 0.043545921775181712, 0.0011170274270864771]
[0.037053718155574566, -0.051030906358606021, 0.045040317797727242, 0.0012924924931652592]
[0.035505810530874427, -0.050898863205841152, 0.045254692505007993, 0.0013481743016417768]
[0.032523920524206662, -0.051413143285661565, 0.041800935797648403, 0.00069825598883348629]
[0.032139485614444734, -0.05123062134833832, 0.04265927782800441, 0.00088364749539318588]
[0.032125730154684645, -0.051218560896975004, 0.042642418342336272, 0.00088321919953996797]
[0.031966877042751377, -0.051228397925736358, 0.042481438723400614, 0.00086910009692538182]
[0.03173937392671148, -0.051958984533715981, 0.0430746878644825, 0.00086776672668761228]
[0.03229545416166487, -0.05253265837594083, 0.043776309013462085, 0.00094752131417966297]
[0.029076440213572835, -0.052827956788948256, 0.042235913170164549, 0.00067139513513818166]
[0.025753584146061416, -0.054154058244533378, 0.039901884002718005, 7.6264005631992946e-05]
[0.021490210275171957, -0.054198467076266583, 0.037366671787859747, -0.00027350241414794154]
[0.023314274768972142, -0.054182353222377119, 0.037141650555063223, -0.00022668623047779617]
[0.024535737024694113, -0.053544499623054298, 0.03687208156990604, -0.00016037792852328179]
[0.024526485928032637, -0.054266918940653122, 0.036728841684694348, -0.00028953003461530333]
