[1, 1, 1, 1]
[0.92131058393328691, 0.92820576016033451, 0.98564115168008326, 0.98564115168008326]
[0.9216040017508953, 0.92825827058767063, 0.98590370381676384, 0.98569366210741938]
[0.92184775176907297, 0.92830354553546424, 0.98613007854846735, 0.98573893705521298]
[0.92184775176907297, 0.92830354553546424, 0.98613007854846735, 0.98573893705521298]
[0.92184775176907297, 0.92830354553546424, 0.98613007854846735, 0.98573893705521298]
[0.92184775176907297, 0.92830354553546424, 0.98613007854846735, 0.98573893705521298]
[0.92184775176907297, 0.92830354553546424, 0.98613007854846735, 0.98573893705521298]
[0.88258326942568743, 0.89326307325365129, 0.97912198409210471, 0.97873084259885035]
[0.82324926109346686, 0.85533649982404247, 0.971536669406183, 0.97114552791292863]
[0.82393033229648716, 0.85545742293015525, 0.97214128493192942, 0.97126645101904141]
[0.82393033229648716, 0.85545742293015525, 0.97214128493192942, 0.97126645101904141]
[0.82393033229648716, 0.85545742293015525, 0.97214128493192942, 0.97126645101904141]
[0.82393033229648716, 0.85545742293015525, 0.97214128493192942, 0.97126645101904141]
[0.78470824763411728, 0.8191911660051836, 0.96488803319626237, 0.96401319928337437]
[0.74560008005541911, 0.78401512637873172, 0.95785282503786917, 0.95697799112498116]
[0.70639271231616663, 0.74568943982547964, 0.95018768761037165, 0.94931285369748364]
[0.70639271231616663, 0.74568943982547964, 0.95018768761037165, 0.94931285369748364]
[0.66776513714410746, 0.71054680394003567, 0.9434581129987335, 0.94233415185203728]
[0.66776513714410746, 0.71054680394003567, 0.9434581129987335, 0.94233415185203728]
[0.66776513714410746, 0.71054680394003567, 0.9434581129987335, 0.94233415185203728]
[0.66776513714410746, 0.71054680394003567, 0.9434581129987335, 0.94233415185203728]
[0.68776513744213064, 0.71054680394003567, 0.9434581129987335, 0.94233415185203728]
[0.64940558764050338, 0.67309816239934384, 0.93656956847912565, 0.93494462094129149]
[0.64940558764050338, 0.67309816239934384, 0.93656956847912565, 0.93494462094129149]
[0.61070198251870877, 0.63868571839720123, 0.92968707956335139, 0.92806213202551724]
[0.53380158350972451, 0.5681751309604649, 0.91587422185492606, 0.91400822412065941]
[0.47760192289982434, 0.50201214019631923, 0.90264384004020126, 0.9007889268329885]
[0.47760192289982434, 0.50201214019631923, 0.90264384004020126, 0.9007889268329885]
[0.44003537385872737, 0.47068713123089012, 0.89637883824711539, 0.89452392503990263]
[0.44040407959429695, 0.47076071353242316, 0.89674674974928636, 0.89459750734143562]
[0.40248313882042519, 0.43556334365927529, 0.88970727554863038, 0.88755803314077963]
[0.32715669193669678, 0.36405044844446199, 0.87540469639377827, 0.87325545398592752]
[0.32715669193669678, 0.36405044844446199, 0.87540469639377827, 0.87325545398592752]
[0.32715669193669678, 0.36405044844446199, 0.87540469639377827, 0.87325545398592752]
[0.32715669193669678, 0.36405044844446199, 0.87540469639377827, 0.87325545398592752]
[0.32715669193669678, 0.36405044844446199, 0.87540469639377827, 0.87325545398592752]
[0.29115796060692467, 0.33183076937661726, 0.86959489455350236, 0.86691720725914689]
[0.29167387750585849, 0.33193141056148812, 0.87009810047785663, 0.86701784844401775]
[0.25471539183243769, 0.29656706261330129, 0.86302523077807436, 0.85994497874423548]
[0.25471539183243769, 0.29656706261330129, 0.86302523077807436, 0.85994497874423548]
[0.26065023731355175, 0.29704039697092466, 0.86349856513569778, 0.86231165053235237]
[0.26133734833843258, 0.29716702386771993, 0.86413169962991299, 0.86243827742914769]
[0.22453185086105437, 0.26079109456613681, 0.8568565138792853, 0.85516309167852]
[0.22453185086105437, 0.26079109456613681, 0.8568565138792853, 0.85516309167852]
[0.15350047998547167, 0.19594289626297273, 0.84388687389937567, 0.84219345169861037]
[0.15350047998547167, 0.19594289626297273, 0.84388687389937567, 0.84219345169861037]
[0.15438283604967418, 0.19610159044416831, 0.84468034476590925, 0.842352145879806]
[0.12168856397038073, 0.16541027884319023, 0.84020573685021016, 0.83649115929846285]
[0.12168856397038073, 0.16541027884319023, 0.84020573685021016, 0.83649115929846285]
[0.054844368720373536, 0.10544538371793374, 0.82886372205208747, 0.82460667397921428]
[0.054844368720373536, 0.10544538371793374, 0.82886372205208747, 0.82460667397921428]
[0.074844369018396764, 0.10544538371793374, 0.82886372205208747, 0.82460667397921428]
[0.074844369018396764, 0.10544538371793374, 0.82886372205208747, 0.82460667397921428]
[0.075930423048713697, 0.10563638043544581, 0.82981870560728088, 0.82479767069672638]
[0.075930423048713697, 0.10563638043544581, 0.82981870560728088, 0.82479767069672638]
[0.042898804083058233, 0.075724532808640804, 0.82383633598347794, 0.81881530107292344]
[0.022898803785035008, 0.075724532808640804, 0.82383633598347794, 0.81881530107292344]
[0.0236654255593245, 0.075874602069584851, 0.82458668225392751, 0.81896537033386752]
[0.0236654255593245, 0.075874602069584851, 0.82458668225392751, 0.81896537033386752]
[0.0236654255593245, 0.075874602069584851, 0.82458668225392751, 0.81896537033386752]
[0.0236654255593245, 0.075874602069584851, 0.82458668225392751, 0.81896537033386752]
[0.0236654255593245, 0.075874602069584851, 0.82458668225392751, 0.81896537033386752]
[0.043663505283284137, 0.07587479342815838, 0.82458763904674059, 0.81896556169244106]
[0.044541419810451621, 0.076040459920343639, 0.82541597148150292, 0.81913122818462636]
[-0.019730931471462772, 0.017104813713528854, 0.81362884195290452, 0.80734409865602796]
[-0.019730931471462772, 0.017104813713528854, 0.81362884195290452, 0.80734409865602796]
[-0.016649594621229502, 0.017674169390352702, 0.81647562024898179, 0.80791345433285178]
[0.00043768633357285321, 0.018208886296416781, 0.81914920470690045, 0.80844817123891588]
[0.00043768633357285321, 0.018208886296416781, 0.81914920470690045, 0.80844817123891588]
[0.00043768633357285321, 0.018208886296416781, 0.81914920470690045, 0.80844817123891588]
[0.00043768633357285321, 0.018208886296416781, 0.81914920470690045, 0.80844817123891588]
[-0.030698243674762881, -0.010566997698035579, 0.81339402800080229, 0.80269299453281773]
[-0.030698243674762881, -0.010566997698035579, 0.81339402800080229, 0.80269299453281773]
[-0.030698243674762881, -0.010566997698035579, 0.81339402800080229, 0.80269299453281773]
[-0.029523783141352532, -0.010356165180533321, 0.81444819058831353, 0.80290382705031993]
[-0.059442435438800997, -0.036579206198859029, 0.80920358229548384, 0.79765921875749024]
[-0.058374336741574745, -0.036379972481989473, 0.81019975087983165, 0.79785845247435982]
[-0.087882257496625524, -0.063350441710367453, 0.80480565694621564, 0.79246435854074382]
[-0.087882257496625524, -0.063350441710367453, 0.80480565694621564, 0.79246435854074382]
[-0.066953857915348136, -0.063168285899025164, 0.80571643596142439, 0.79264651435208611]
[-0.095743974019626102, -0.0898321496566791, 0.80038366329569488, 0.78731374168635659]
[-0.095743974019626102, -0.0898321496566791, 0.80038366329569488, 0.78731374168635659]
[-0.095743974019626102, -0.0898321496566791, 0.80038366329569488, 0.78731374168635659]
[-0.12389420802270582, -0.11674939512301583, 0.79500021428632173, 0.78193029267698344]
[-0.12389420802270582, -0.11674939512301583, 0.79500021428632173, 0.78193029267698344]
[-0.12389420802270582, -0.11674939512301583, 0.79500021428632173, 0.78193029267698344]
[-0.12389420802270582, -0.11674939512301583, 0.79500021428632173, 0.78193029267698344]
[-0.12389420802270582, -0.11674939512301583, 0.79500021428632173, 0.78193029267698344]
[-0.12389420802270582, -0.11674939512301583, 0.79500021428632173, 0.78193029267698344]
[-0.12389420802270582, -0.11674939512301583, 0.79500021428632173, 0.78193029267698344]
[-0.12249167659933895, -0.11649958514689061, 0.79624926416694775, 0.78218010265310867]
[-0.12249167659933895, -0.11649958514689061, 0.79624926416694775, 0.78218010265310867]
[-0.12108238223720177, -0.11624931255445492, 0.79750062710812608, 0.78243037524554437]
[-0.1194857002674672, -0.11597728768308641, 0.79886075146496871, 0.78270240011691294]
[-0.13755062791249392, -0.11559471823081134, 0.80077359869803655, 0.78308496956918805]
[-0.16478766346243215, -0.14139241585077239, 0.79561405909287164, 0.77792542996402314]
[-0.16478766346243215, -0.14139241585077239, 0.79561405909287164, 0.77792542996402314]
[-0.16478766346243215, -0.14139241585077239, 0.79561405909287164, 0.77792542996402314]
[-0.16354258676892708, -0.14116112236284492, 0.7967705265325089, 0.77815672345195064]
[-0.16257363285206294, -0.14096786086452889, 0.79773683398077344, 0.77834998495026664]
[-0.16159010109376337, -0.14077272601833615, 0.79871250819708128, 0.77854511979645935]
[-0.16159010109376337, -0.14077272601833615, 0.79871250819708128, 0.77854511979645935]
[-0.16159010109376337, -0.14077272601833615, 0.79871250819708128, 0.77854511979645935]
[-0.18755647099272277, -0.16373595527736615, 0.79411986219050368, 0.77395247378988175]
[-0.18755647099272277, -0.16373595527736615, 0.79411986219050368, 0.77395247378988175]
[-0.18755647099272277, -0.16373595527736615, 0.79411986219050368, 0.77395247378988175]
[-0.18755647099272277, -0.16373595527736615, 0.79411986219050368, 0.77395247378988175]
[-0.21276836937931942, -0.18624924599673864, 0.78961720389635459, 0.76944981549573266]
[-0.23276838054681442, -0.1862492892793019, 0.78961719523984175, 0.76944980683921982]
[-0.23858893953813834, -0.19790910050665358, 0.78839208511000791, 0.76730231991020947]
[-0.22150646355341055, -0.18336533309683528, 0.79235047879974452, 0.7703860135061209]
[-0.24022705657167642, -0.18312619562709315, 0.79354616609126127, 0.77062515097586304]
[-0.32234663099721156, -0.21184884868920756, 0.78250647689828789, 0.73310967052535891]
[-0.32074655850046457, -0.21156292574799662, 0.78393609155665678, 0.73339559346656991]
[-0.3190469977559019, -0.21126576438639338, 0.78542189838999843, 0.73369275482817309]
[-0.31749116321245013, -0.21098618154166893, 0.78681981261362066, 0.73397233767289749]
[-0.33597771624816553, -0.21071224058214139, 0.78818951743381038, 0.73424627863242498]
[-0.33597771624816553, -0.21071224058214139, 0.78818951743381038, 0.73424627863242498]
[-0.33597771624816553, -0.21071224058214139, 0.78818951743381038, 0.73424627863242498]
[-0.33597771624816553, -0.21071224058214139, 0.78818951743381038, 0.73424627863242498]
[-0.33471450068402769, -0.21047074201634483, 0.78939701022514652, 0.73448777719822156]
[-0.33078994055871225, -0.20973151819306135, 0.7930931292849055, 0.73522700102150518]
[-0.37693949047560493, -0.25226324173576004, 0.78458678450642849, 0.72672065624302817]
[-0.39870888423524631, -0.2715924472399025, 0.78072094347047782, 0.72285481520707751]
[-0.39870888423524631, -0.2715924472399025, 0.78072094347047782, 0.72285481520707751]
[-0.39870888423524631, -0.2715924472399025, 0.78072094347047782, 0.72285481520707751]
[-0.41859411875989827, -0.2908068897442096, 0.77802912046716077, 0.71920377080165521]
[-0.41859411875989827, -0.2908068897442096, 0.77802912046716077, 0.71920377080165521]
[-0.41724102166685939, -0.29054502686897443, 0.77933843486349919, 0.71946563367689031]
[-0.41724102166685939, -0.29054502686897443, 0.77933843486349919, 0.71946563367689031]
[-0.41724102166685939, -0.29054502686897443, 0.77933843486349919, 0.71946563367689031]
[-0.41724102166685939, -0.29054502686897443, 0.77933843486349919, 0.71946563367689031]
[-0.41724102166685939, -0.29054502686897443, 0.77933843486349919, 0.71946563367689031]
[-0.41724102166685939, -0.29054502686897443, 0.77933843486349919, 0.71946563367689031]
[-0.41724102166685939, -0.29054502686897443, 0.77933843486349919, 0.71946563367689031]
[-0.41724102166685939, -0.29054502686897443, 0.77933843486349919, 0.71946563367689031]
[-0.41724102166685939, -0.29054502686897443, 0.77933843486349919, 0.71946563367689031]
[-0.41724102166685939, -0.29054502686897443, 0.77933843486349919, 0.71946563367689031]
[-0.43724102196488263, -0.29054502686897443, 0.77933843486349919, 0.71946563367689031]
[-0.45755318639575177, -0.30774984910200776, 0.77589747023528766, 0.71602466904867879]
[-0.43755318609772853, -0.30774984910200776, 0.77589747023528766, 0.71602466904867879]
[-0.43755318609772853, -0.30774984910200776, 0.77589747023528766, 0.71602466904867879]
[-0.43755318609772853, -0.30774984910200776, 0.77589747023528766, 0.71602466904867879]
[-0.47616508067862623, -0.34300219606985166, 0.76884700066810441, 0.70897419948149554]
[-0.47616508067862623, -0.34300219606985166, 0.76884700066810441, 0.70897419948149554]
[-0.49297848137088174, -0.3593728261083205, 0.76694708324971961, 0.70592910824237476]
[-0.49297848137088174, -0.3593728261083205, 0.76694708324971961, 0.70592910824237476]
[-0.49124704737003777, -0.35905326411494171, 0.76854549544228778, 0.70624806801010698]
[-0.49124704737003777, -0.35905326411494171, 0.76854549544228778, 0.70624806801010698]
[-0.49124704737003777, -0.35905326411494171, 0.76854549544228778, 0.70624806801010698]
[-0.48923961577551034, -0.35870207771021267, 0.77030142746593289, 0.70659925441483595]
[-0.48367222882944166, -0.35770516743302871, 0.7752859787980001, 0.70759616469201991]
[-0.48367222882944166, -0.35770516743302871, 0.7752859787980001, 0.70759616469201991]
[-0.5187061558494569, -0.38900229436498457, 0.76902655330285175, 0.70133673919687156]
[-0.5187061558494569, -0.38900229436498457, 0.76902655330285175, 0.70133673919687156]
[-0.5187061558494569, -0.38900229436498457, 0.76902655330285175, 0.70133673919687156]
[-0.5187061558494569, -0.38900229436498457, 0.76902655330285175, 0.70133673919687156]
[-0.49702106356388492, -0.38868662951027572, 0.77060487760150576, 0.70165240405158036]
[-0.54490160502623453, -0.43299214481113441, 0.76174377440182661, 0.69279130085190122]
[-0.56998696619712319, -0.46000884751444981, 0.7597072781726808, 0.6879491009101405]
[-0.56998696619712319, -0.46000884751444981, 0.7597072781726808, 0.6879491009101405]
[-0.56998696619712319, -0.46000884751444981, 0.7597072781726808, 0.6879491009101405]
[-0.56998696619712319, -0.46000884751444981, 0.7597072781726808, 0.6879491009101405]
[-0.56998696619712319, -0.46000884751444981, 0.7597072781726808, 0.6879491009101405]
[-0.58379891120230587, -0.4729377310063228, 0.75712150143314338, 0.68536332417060308]
[-0.58379891120230587, -0.4729377310063228, 0.75712150143314338, 0.68536332417060308]
[-0.61056388403046991, -0.49696321154981604, 0.75231640524784515, 0.68055822798530485]
[-0.61056388403046991, -0.49696321154981604, 0.75231640524784515, 0.68055822798530485]
[-0.61056388403046991, -0.49696321154981604, 0.75231640524784515, 0.68055822798530485]
[-0.61056388403046991, -0.49696321154981604, 0.75231640524784515, 0.68055822798530485]
[-0.61056388403046991, -0.49696321154981604, 0.75231640524784515, 0.68055822798530485]
[-0.61056388403046991, -0.49696321154981604, 0.75231640524784515, 0.68055822798530485]
[-0.61056388403046991, -0.49696321154981604, 0.75231640524784515, 0.68055822798530485]
[-0.61056388403046991, -0.49696321154981604, 0.75231640524784515, 0.68055822798530485]
[-0.60844894593376397, -0.49657762543016698, 0.75424433578306038, 0.68094381410495386]
[-0.60844894593376397, -0.49657762543016698, 0.75424433578306038, 0.68094381410495386]
[-0.60844894593376397, -0.49657762543016698, 0.75424433578306038, 0.68094381410495386]
[-0.60844894593376397, -0.49657762543016698, 0.75424433578306038, 0.68094381410495386]
[-0.65662887787431945, -0.51337994381272822, 0.74646622692019193, 0.65107747967479057]
[-0.65662887787431945, -0.51337994381272822, 0.74646622692019193, 0.65107747967479057]
[-0.66615243586494055, -0.52394449659629005, 0.74632643588334746, 0.64929342229484932]
[-0.66615243586494055, -0.52394449659629005, 0.74632643588334746, 0.64929342229484932]
[-0.67788947064554594, -0.54782369984810908, 0.74155059512500188, 0.64451758153650374]
[-0.67788947064554594, -0.54782369984810908, 0.74155059512500188, 0.64451758153650374]
[-0.65788947034752276, -0.54782369984810908, 0.74155059512500188, 0.64451758153650374]
[-0.65570881085068999, -0.54741605230208867, 0.74358883275762089, 0.64492522908252414]
[-0.65570881085068999, -0.54741605230208867, 0.74358883275762089, 0.64492522908252414]
[-0.65570881085068999, -0.54741605230208867, 0.74358883275762089, 0.64492522908252414]
[-0.65570881085068999, -0.54741605230208867, 0.74358883275762089, 0.64492522908252414]
[-0.6648618409666508, -0.55691768308514045, 0.74346477678913747, 0.64332094797129891]
[-0.66251889799838015, -0.55649131320904133, 0.7455966262045457, 0.64374731784739803]
[-0.66001265081059468, -0.55604836089695986, 0.74781138776495326, 0.64419027015947949]
[-0.65775364924871504, -0.55563408457206021, 0.74988276938945142, 0.64460454648437915]
[-0.66869717647761628, -0.56526011210050253, 0.74795756391637724, 0.64267934101130497]
[-0.66869717647761628, -0.56526011210050253, 0.74795756391637724, 0.64267934101130497]
[-0.67922270158612441, -0.57466901301231121, 0.74607578367127847, 0.6407975607662062]
[-0.67922270158612441, -0.57466901301231121, 0.74607578367127847, 0.6407975607662062]
[-0.68681521471530804, -0.58360966846405848, 0.74608699521059674, 0.6393093200905442]
[-0.68681521471530804, -0.58360966846405848, 0.74608699521059674, 0.6393093200905442]
[-0.68681521471530804, -0.58360966846405848, 0.74608699521059674, 0.6393093200905442]
[-0.68491714203389964, -0.58323482950404681, 0.74796118995408833, 0.63968415905055587]
[-0.68015211771940154, -0.58237289335737707, 0.75227087051025143, 0.64054609519722561]
[-0.68015211771940154, -0.58237289335737707, 0.75227087051025143, 0.64054609519722561]
[-0.68015211771940154, -0.58237289335737707, 0.75227087051025143, 0.64054609519722561]
[-0.67824140809323474, -0.58199972792765797, 0.75413669765884672, 0.64091926062694471]
[-0.67824140809323474, -0.58199972792765797, 0.75413669765884672, 0.64091926062694471]
[-0.67824140809323474, -0.58199972792765797, 0.75413669765884672, 0.64091926062694471]
[-0.68787995474883235, -0.59109687926907029, 0.75231726730438897, 0.63909983027248696]
[-0.72302788744962498, -0.6012061703573246, 0.75099115522249082, 0.62870815765776467]
[-0.73238988899420177, -0.60971070016133055, 0.74929024926168963, 0.62700725169696347]
[-0.73045575361921866, -0.60932900374177901, 0.75119873130180581, 0.62738894811651502]
[-0.73045575361921866, -0.60932900374177901, 0.75119873130180581, 0.62738894811651502]
[-0.73985182440447494, -0.61761769712767256, 0.74954099259662466, 0.62573120941133387]
[-0.73985182440447494, -0.61761769712767256, 0.74954099259662466, 0.62573120941133387]
[-0.73985182440447494, -0.61761769712767256, 0.74954099259662466, 0.62573120941133387]
[-0.73794998566806869, -0.61723934590769769, 0.75143274866815912, 0.62610956063130874]
[-0.69835243712654482, -0.61718646966848123, 0.75169712986192716, 0.6261624368705252]
[-0.69835243712654482, -0.61718646966848123, 0.75169712986192716, 0.6261624368705252]
[-0.69835243712654482, -0.61718646966848123, 0.75169712986192716, 0.6261624368705252]
[-0.69835243712654482, -0.61718646966848123, 0.75169712986192716, 0.6261624368705252]
[-0.6763262003738274, -0.61679356302766852, 0.75366166309618388, 0.6265553435113379]
[-0.6763262003738274, -0.61679356302766852, 0.75366166309618388, 0.6265553435113379]
[-0.6763262003738274, -0.61679356302766852, 0.75366166309618388, 0.6265553435113379]
[-0.6763262003738274, -0.61679356302766852, 0.75366166309618388, 0.6265553435113379]
[-0.6763262003738274, -0.61679356302766852, 0.75366166309618388, 0.6265553435113379]
[-0.6763262003738274, -0.61679356302766852, 0.75366166309618388, 0.6265553435113379]
[-0.66148875486979974, -0.61560176982630499, 0.75660292904788229, 0.6307648367781048]
[-0.67892343715192371, -0.61515682377716441, 0.75885584354952551, 0.63121448019688631]
[-0.67892343715192371, -0.61515682377716441, 0.75885584354952551, 0.63121448019688631]
[-0.68809374935213286, -0.62337610698819557, 0.75721198690731928, 0.62957062355468008]
[-0.68560620150230955, -0.62293248722376748, 0.7594300856553251, 0.63001424331910816]
[-0.68560620150230955, -0.62293248722376748, 0.7594300856553251, 0.63001424331910816]
[-0.68344349403747717, -0.62252693232954559, 0.76145786006198091, 0.63041979821333005]
[-0.70344349433550035, -0.62252693232954559, 0.76145786006198091, 0.63041979821333005]
[-0.70344349433550035, -0.62252693232954559, 0.76145786006198091, 0.63041979821333005]
[-0.6986992618121497, -0.62167409339266932, 0.76572205456535247, 0.63127263715020632]
[-0.6986992618121497, -0.62167409339266932, 0.76572205456535247, 0.63127263715020632]
[-0.67494908759608485, -0.62094137890040257, 0.7693856269431284, 0.63200535164247307]
[-0.67271649749194629, -0.62053341424142439, 0.77142545013821462, 0.63241331630145126]
[-0.67271649749194629, -0.62053341424142439, 0.77142545013821462, 0.63241331630145126]
[-0.67271649749194629, -0.62053341424142439, 0.77142545013821462, 0.63241331630145126]
[-0.69041025475311602, -0.636654652366062, 0.7682012024349768, 0.62918906859821344]
[-0.69041025475311602, -0.636654652366062, 0.7682012024349768, 0.62918906859821344]
[-0.69041025475311602, -0.636654652366062, 0.7682012024349768, 0.62918906859821344]
[-0.67076717086124582, -0.63660893448039579, 0.76842979186330784, 0.62923478648387965]
[-0.67076717086124582, -0.63660893448039579, 0.76842979186330784, 0.62923478648387965]
[-0.67886320710365455, -0.64435706038621809, 0.76688016668214343, 0.62768516130271523]
[-0.65923358191284709, -0.64430132634627413, 0.76693590072208739, 0.6279638315070053]
[-0.66766693211666372, -0.65189436336170348, 0.76541729329386821, 0.62644522407878611]
[-0.66766693211666372, -0.65189436336170348, 0.76541729329386821, 0.62644522407878611]
[-0.66766693211666372, -0.65189436336170348, 0.76541729329386821, 0.62644522407878611]
[-0.66766693211666372, -0.65189436336170348, 0.76541729329386821, 0.62644522407878611]
[-0.66766693211666372, -0.65189436336170348, 0.76541729329386821, 0.62644522407878611]
[-0.66766693211666372, -0.65189436336170348, 0.76541729329386821, 0.62644522407878611]
[-0.67602769725259482, -0.65931776209773107, 0.76393261354666264, 0.62496054433158055]
[-0.67602769725259482, -0.65931776209773107, 0.76393261354666264, 0.62496054433158055]
[-0.67602769725259482, -0.65931776209773107, 0.76393261354666264, 0.62496054433158055]
[-0.67602769725259482, -0.65931776209773107, 0.76393261354666264, 0.62496054433158055]
[-0.67371087576812461, -0.65889227527301797, 0.76606004763570501, 0.62538603115629365]
[-0.67123077086898175, -0.65844999080156741, 0.76827146988208828, 0.62582831562774421]
[-0.67123077086898175, -0.65844999080156741, 0.76827146988208828, 0.62582831562774421]
[-0.67123077086898175, -0.65844999080156741, 0.76827146988208828, 0.62582831562774421]
[-0.67123077086898175, -0.65844999080156741, 0.76827146988208828, 0.62582831562774421]
[-0.67123077086898175, -0.65844999080156741, 0.76827146988208828, 0.62582831562774421]
[-0.65123027766037578, -0.65844934158678459, 0.76827159972504488, 0.62582844547070082]
[-0.65123027766037578, -0.65844934158678459, 0.76827159972504488, 0.62582844547070082]
[-0.63126366417226842, -0.65844419633842488, 0.76827674497340459, 0.62585417171133706]
[-0.62713629639171875, -0.65765895904900262, 0.77220293145206231, 0.62663940900075932]
[-0.63445840322204972, -0.66488094367490747, 0.77075853452688137, 0.62519501207557837]
[-0.6416223344736518, -0.67192739471325735, 0.76934924434056162, 0.62378572188925863]
[-0.6416223344736518, -0.67192739471325735, 0.76934924434056162, 0.62378572188925863]
[-0.64941655809284815, -0.67893361003086472, 0.7679480012073544, 0.62238447875605141]
[-0.64941655809284815, -0.67893361003086472, 0.7679480012073544, 0.62238447875605141]
[-0.64941655809284815, -0.67893361003086472, 0.7679480012073544, 0.62238447875605141]
[-0.64941655809284815, -0.67893361003086472, 0.7679480012073544, 0.62238447875605141]
[-0.64941655809284815, -0.67893361003086472, 0.7679480012073544, 0.62238447875605141]
[-0.62698050415814799, -0.67849455059360064, 0.77014329839367468, 0.62282353819331548]
[-0.62698050415814799, -0.67849455059360064, 0.77014329839367468, 0.62282353819331548]
[-0.63432012538854199, -0.68532198730143912, 0.76877781098648568, 0.62145805078612648]
[-0.62973061787627771, -0.68447663986928886, 0.77300454808626684, 0.62230339821827674]
[-0.61675544979654207, -0.69115296416767413, 0.77166928324752537, 0.62096813337953527]
[-0.61675544979654207, -0.69115296416767413, 0.77166928324752537, 0.62096813337953527]
[-0.61675544979654207, -0.69115296416767413, 0.77166928324752537, 0.62096813337953527]
[-0.61675544979654207, -0.69115296416767413, 0.77166928324752537, 0.62096813337953527]
[-0.61675544979654207, -0.69115296416767413, 0.77166928324752537, 0.62096813337953527]
[-0.61675544979654207, -0.69115296416767413, 0.77166928324752537, 0.62096813337953527]
[-0.60423620502987085, -0.69779153197445609, 0.77034159230608878, 0.6196404236067441]
[-0.61052171455905402, -0.70405806383265968, 0.76908828591571576, 0.61838711721637107]
[-0.61052171455905402, -0.70405806383265968, 0.76908828591571576, 0.61838711721637107]
[-0.61052171455905402, -0.70405806383265968, 0.76908828591571576, 0.61838711721637107]
[-0.6305217148570772, -0.70405806383265968, 0.76908828591571576, 0.61838711721637107]
[-0.6305217148570772, -0.70405806383265968, 0.76908828591571576, 0.61838711721637107]
[-0.6305217148570772, -0.70405806383265968, 0.76908828591571576, 0.61838711721637107]
[-0.6305217148570772, -0.70405806383265968, 0.76908828591571576, 0.61838711721637107]
[-0.62832764042414491, -0.70364397985620286, 0.77115870583069401, 0.61880120119282789]
[-0.63556743239347258, -0.71004207323668167, 0.769879087133022, 0.61752158249515587]
[-0.63556743239347258, -0.71004207323668167, 0.769879087133022, 0.61752158249515587]
[-0.63556743239347258, -0.71004207323668167, 0.769879087133022, 0.61752158249515587]
[-0.63358478811120822, -0.70965351960805467, 0.77182185521706959, 0.61791013612378287]
[-0.63358478811120822, -0.70965351960805467, 0.77182185521706959, 0.61791013612378287]
[-0.63358478811120822, -0.70965351960805467, 0.77182185521706959, 0.61791013612378287]
[-0.65100052819226706, -0.70920216306729644, 0.77414372046622382, 0.61829641008031933]
[-0.6396306522131785, -0.71429611145616223, 0.77553088251771196, 0.62037765216201413]
[-0.63764956363105441, -0.71391051096608293, 0.77745888493858817, 0.62076325265209342]
[-0.63764956363105441, -0.71391051096608293, 0.77745888493858817, 0.62076325265209342]
[-0.63764956363105441, -0.71391051096608293, 0.77745888493858817, 0.62076325265209342]
[-0.63764956363105441, -0.71391051096608293, 0.77745888493858817, 0.62076325265209342]
[-0.63764956363105441, -0.71391051096608293, 0.77745888493858817, 0.62076325265209342]
[-0.63764956363105441, -0.71391051096608293, 0.77745888493858817, 0.62076325265209342]
[-0.63764956363105441, -0.71391051096608293, 0.77745888493858817, 0.62076325265209342]
[-0.63764956363105441, -0.71391051096608293, 0.77745888493858817, 0.62076325265209342]
[-0.63764956363105441, -0.71391051096608293, 0.77745888493858817, 0.62076325265209342]
[-0.63764956363105441, -0.71391051096608293, 0.77745888493858817, 0.62076325265209342]
[-0.63764956363105441, -0.71391051096608293, 0.77745888493858817, 0.62076325265209342]
[-0.63764956363105441, -0.71391051096608293, 0.77745888493858817, 0.62076325265209342]
[-0.63513154239320846, -0.71346383206407205, 0.77969227948616415, 0.62120993155410431]
[-0.64201960217147591, -0.71968336368684538, 0.77844837316160953, 0.61996602522954969]
[-0.65603885486256863, -0.7318886894407608, 0.77600730799056306, 0.61752496005850321]
[-0.6601980594114083, -0.73734377208308655, 0.77703569573091524, 0.61678717759729029]
[-0.6601980594114083, -0.73734377208308655, 0.77703569573091524, 0.61678717759729029]
[-0.6601980594114083, -0.73734377208308655, 0.77703569573091524, 0.61678717759729029]
[-0.6601980594114083, -0.73734377208308655, 0.77703569573091524, 0.61678717759729029]
[-0.65801224395194124, -0.7369312001668552, 0.77909855534464323, 0.61719974951352163]
[-0.65801224395194124, -0.7369312001668552, 0.77909855534464323, 0.61719974951352163]
[-0.65801224395194124, -0.7369312001668552, 0.77909855534464323, 0.61719974951352163]
[-0.65801224395194124, -0.7369312001668552, 0.77909855534464323, 0.61719974951352163]
[-0.65801224395194124, -0.7369312001668552, 0.77909855534464323, 0.61719974951352163]
[-0.6556026175141545, -0.73649419981599096, 0.78128355699124574, 0.61763674986438588]
[-0.65307341359124171, -0.73604554513806342, 0.78352683038088333, 0.61808540454231342]
[-0.65307341359124171, -0.73604554513806342, 0.78352683038088333, 0.61808540454231342]
[-0.65939621287739736, -0.74182801566456447, 0.78237033623789631, 0.6169289103993264]
[-0.65690635775897954, -0.74138352499993132, 0.78459278952396061, 0.61737340106395955]
[-0.66306400482934613, -0.74705497342418747, 0.78345849980240689, 0.61623911134240583]
[-0.66871099929648936, -0.75249377564353992, 0.78237073932487766, 0.6151513508648766]
[-0.6661895508301956, -0.75204440387720906, 0.78461759811895948, 0.61560072263120746]
[-0.6661895508301956, -0.75204440387720906, 0.78461759811895948, 0.61560072263120746]
[-0.68892084429685707, -0.76387132760297183, 0.7503418961918894, 0.60791695159665982]
[-0.68892084429685707, -0.76387132760297183, 0.7503418961918894, 0.60791695159665982]
[-0.67395485261941701, -0.76881042611434425, 0.74935407645960983, 0.60692913186438024]
[-0.67395485261941701, -0.76881042611434425, 0.74935407645960983, 0.60692913186438024]
[-0.68502018489828254, -0.77887931420864254, 0.7473402987922686, 0.60491535419703901]
[-0.68502018489828254, -0.77887931420864254, 0.7473402987922686, 0.60491535419703901]
[-0.69059426723281803, -0.78385296161278717, 0.74634556931143969, 0.60392062471621011]
[-0.69059426723281803, -0.78385296161278717, 0.74634556931143969, 0.60392062471621011]
[-0.69588441425155856, -0.78867913872442508, 0.74538033384181457, 0.60295538924658498]
[-0.69588441425155856, -0.78867913872442508, 0.74538033384181457, 0.60295538924658498]
[-0.70123683426825512, -0.79347839515249707, 0.74442048257215165, 0.60199553797692207]
[-0.7033001545111992, -0.79741797642644485, 0.74586238256904724, 0.60157925774870702]
[-0.7033001545111992, -0.79741797642644485, 0.74586238256904724, 0.60157925774870702]
[-0.7033001545111992, -0.79741797642644485, 0.74586238256904724, 0.60157925774870702]
[-0.70560769843546345, -0.80150599070176398, 0.74741304506757533, 0.60115636577444675]
[-0.70560769843546345, -0.80150599070176398, 0.74741304506757533, 0.60115636577444675]
[-0.71519538102093183, -0.81042249375416608, 0.74562974439994789, 0.59937306510681931]
[-0.71519538102093183, -0.81042249375416608, 0.74562974439994789, 0.59937306510681931]
[-0.69519538072290865, -0.81042249375416608, 0.74562974439994789, 0.59937306510681931]
[-0.69993863745614859, -0.81480140283259994, 0.7447539625983971, 0.59849728330526852]
[-0.71993863775417177, -0.81480140283259994, 0.7447539625983971, 0.59849728330526852]
[-0.71710804253109006, -0.81428348637174941, 0.7473435447761122, 0.59901519976611906]
[-0.71710804253109006, -0.81428348637174941, 0.7473435447761122, 0.59901519976611906]
[-0.69449677612837635, -0.81379158527706075, 0.74980305028846661, 0.59950710086080772]
[-0.69449677612837635, -0.81379158527706075, 0.74980305028846661, 0.59950710086080772]
[-0.69449677612837635, -0.81379158527706075, 0.74980305028846661, 0.59950710086080772]
[-0.69888221684726592, -0.81799944995409601, 0.74896147735305951, 0.59866552792540062]
[-0.69888221684726592, -0.81799944995409601, 0.74896147735305951, 0.59866552792540062]
[-0.69888221684726592, -0.81799944995409601, 0.74896147735305951, 0.59866552792540062]
[-0.69888221684726592, -0.81799944995409601, 0.74896147735305951, 0.59866552792540062]
[-0.67587657176112015, -0.817466082293545, 0.75162831561102683, 0.59919889558595163]
[-0.67587657176112015, -0.817466082293545, 0.75162831561102683, 0.59919889558595163]
[-0.68488713628543441, -0.82586974071949615, 0.74994758388412697, 0.59751816385905177]
[-0.68488713628543441, -0.82586974071949615, 0.74994758388412697, 0.59751816385905177]
[-0.66264014618265099, -0.82542098110061513, 0.75219138197853208, 0.59796692347793279]
[-0.66767309481956871, -0.82979793081241793, 0.75131599205117083, 0.59709153355057154]
[-0.66767309481956871, -0.82979793081241793, 0.75131599205117083, 0.59709153355057154]
[-0.66767309481956871, -0.82979793081241793, 0.75131599205117083, 0.59709153355057154]
[-0.66767309481956871, -0.82979793081241793, 0.75131599205117083, 0.59709153355057154]
[-0.66767309481956871, -0.82979793081241793, 0.75131599205117083, 0.59709153355057154]
[-0.67162978218434366, -0.83368698839569877, 0.75053818052272281, 0.59631372202212352]
[-0.64270172387904034, -0.82128516512067162, 0.7530185453070467, 0.59879408680644741]
[-0.64270172387904034, -0.82128516512067162, 0.7530185453070467, 0.59879408680644741]
[-0.63996269467256617, -0.82078215423801126, 0.75553359967953393, 0.59929709768910777]
[-0.63996269467256617, -0.82078215423801126, 0.75553359967953393, 0.59929709768910777]
[-0.61777408399133504, -0.82055301837171435, 0.7582034715998982, 0.59978026567553988]
[-0.61777408399133504, -0.82055301837171435, 0.7582034715998982, 0.59978026567553988]
[-0.61777408399133504, -0.82055301837171435, 0.7582034715998982, 0.59978026567553988]
[-0.61777408399133504, -0.82055301837171435, 0.7582034715998982, 0.59978026567553988]
[-0.61777408399133504, -0.82055301837171435, 0.7582034715998982, 0.59978026567553988]
[-0.61538154924368449, -0.82009287413595555, 0.76050419277869197, 0.60024040991129868]
[-0.67538400872632343, -0.82009329208585202, 0.7605037748287955, 0.60023832016192558]
[-0.67538400872632343, -0.82009329208585202, 0.7605037748287955, 0.60023832016192558]
[-0.67262056152266125, -0.81959330635026995, 0.76300370338317036, 0.60073830589750765]
[-0.67262056152266125, -0.81959330635026995, 0.76300370338317036, 0.60073830589750765]
[-0.66989629257922012, -0.81909936135929073, 0.76547342833806664, 0.60123225088848686]
[-0.64989629228119694, -0.81909936135929073, 0.76547342833806664, 0.60123225088848686]
[-0.62989629198317376, -0.81909936135929073, 0.76547342833806664, 0.60123225088848686]
[-0.63899378733338652, -0.82757462244811808, 0.76377837607851096, 0.59953719862893118]
[-0.64109668059139135, -0.83140876854298729, 0.76541485669720866, 0.59917092103053371]
[-0.64532136640688376, -0.83543562441502905, 0.7646094854976192, 0.59836554983094425]
[-0.64532136640688376, -0.83543562441502905, 0.7646094854976192, 0.59836554983094425]
[-0.64532136640688376, -0.83543562441502905, 0.7646094854976192, 0.59836554983094425]
[-0.64532136640688376, -0.83543562441502905, 0.7646094854976192, 0.59836554983094425]
[-0.64532136640688376, -0.83543562441502905, 0.7646094854976192, 0.59836554983094425]
[-0.64532136640688376, -0.83543562441502905, 0.7646094854976192, 0.59836554983094425]
[-0.64532136640688376, -0.83543562441502905, 0.7646094854976192, 0.59836554983094425]
[-0.66532136670490694, -0.83543562441502905, 0.7646094854976192, 0.59836554983094425]
[-0.66532136670490694, -0.83543562441502905, 0.7646094854976192, 0.59836554983094425]
[-0.66282885247522705, -0.83496591851802149, 0.76695801487123294, 0.59883525572795182]
[-0.66715722198465433, -0.83901510211376051, 0.76614817812628599, 0.59802541898300487]
[-0.66715722198465433, -0.83901510211376051, 0.76614817812628599, 0.59802541898300487]
[-0.67142395087387374, -0.84300598622100353, 0.76535000129212161, 0.59722724214884049]
[-0.64644246266275829, -0.84207027891684016, 0.77002853759024836, 0.59816294945300386]
[-0.64644246266275829, -0.84207027891684016, 0.77002853759024836, 0.59816294945300386]
[-0.64644246266275829, -0.84207027891684016, 0.77002853759024836, 0.59816294945300386]
[-0.66644246296078147, -0.84207027891684016, 0.77002853759024836, 0.59816294945300386]
[-0.6677531373159159, -0.84547495339810452, 0.77174036525153478, 0.59788080829602075]
[-0.63899363761457728, -0.83356984889628793, 0.77412138615189807, 0.60026182919638404]
[-0.63641491850413368, -0.83309717778241865, 0.77648474172124471, 0.60073450031025333]
[-0.64083640293384481, -0.83721703794629743, 0.77566076968846898, 0.59991052827747759]
[-0.64083640293384481, -0.83721703794629743, 0.77566076968846898, 0.59991052827747759]
[-0.64083640293384481, -0.83721703794629743, 0.77566076968846898, 0.59991052827747759]
[-0.6380567889587998, -0.8367233784316962, 0.7781290672614749, 0.60040418779207883]
[-0.6422709996201541, -0.84072736807229143, 0.77732826934591515, 0.59960338987651907]
[-0.6422709996201541, -0.84072736807229143, 0.77732826934591515, 0.59960338987651907]
[-0.63964153410709834, -0.84025023401597843, 0.77971393966666203, 0.60008052393283207]
[-0.61964153380907516, -0.84025023401597843, 0.77971393966666203, 0.60008052393283207]
[-0.61800821749357127, -0.84312317311187113, 0.78383819502629748, 0.60028907668069564]
[-0.59800821719554809, -0.84312317311187113, 0.78383819502629748, 0.60028907668069564]
[-0.6009184064457509, -0.84706168441990659, 0.78521122994717107, 0.59986149724318949]
[-0.63838001678597545, -0.85425202105207354, 0.74925954622811464, 0.59267116061102254]
[-0.63988387206572417, -0.85759772870907347, 0.75107037680744571, 0.59241534776416882]
[-0.64072981939563067, -0.86076046236393777, 0.7530816793935855, 0.59222344256421988]
[-0.64072981939563067, -0.86076046236393777, 0.7530816793935855, 0.59222344256421988]
[-0.66425197294234362, -0.86422812780351921, 0.75238814628467554, 0.59152990945530992]
[-0.66627770655555996, -0.87024172781895515, 0.75596614002833185, 0.59112397502646175]
[-0.66691146214238228, -0.87310132675800045, 0.75788362977850032, 0.59096695682988964]
[-0.66399858106025567, -0.8725747244153742, 0.76051664140482111, 0.59149355917251589]
[-0.66399858106025567, -0.8725747244153742, 0.76051664140482111, 0.59149355917251589]
[-0.64399858076223249, -0.8725747244153742, 0.76051664140482111, 0.59149355917251589]
[-0.64142087443709805, -0.87208662559755701, 0.76295713553231759, 0.59198165799033309]
[-0.64142087443709805, -0.87208662559755701, 0.76295713553231759, 0.59198165799033309]
[-0.64548111063648361, -0.87575700863331074, 0.76222305890096598, 0.59124758135898148]
[-0.65332956216013216, -0.88289233619664953, 0.7607959933541516, 0.5898205158121671]
[-0.61709556137604826, -0.84831735916920725, 0.76771098908359725, 0.59673551154161275]
[-0.61709556137604826, -0.84831735916920725, 0.76771098908359725, 0.59673551154161275]
[-0.61423642257721345, -0.84780796414561954, 0.77025796411632685, 0.59724490656520046]
[-0.6111950585311221, -0.84728223074937314, 0.77288663105223909, 0.59777063996144686]
[-0.61558538243540384, -0.85127762318860145, 0.77208755253822503, 0.5969715614474328]
[-0.61558538243540384, -0.85127762318860145, 0.77208755253822503, 0.5969715614474328]
[-0.61934914508382088, -0.85495583800658381, 0.77135190956341171, 0.59623591847261947]
[-0.61680400141825287, -0.85448175891623857, 0.77372230497721239, 0.59670999756296472]
[-0.641113328033319, -0.8583931677242147, 0.77294002321561717, 0.5959277158013695]
[-0.641113328033319, -0.8583931677242147, 0.77294002321561717, 0.5959277158013695]
[-0.641113328033319, -0.8583931677242147, 0.77294002321561717, 0.5959277158013695]
[-0.641113328033319, -0.8583931677242147, 0.77294002321561717, 0.5959277158013695]
[-0.641113328033319, -0.8583931677242147, 0.77294002321561717, 0.5959277158013695]
[-0.63607591859881929, -0.85745628786920858, 0.77762442242415186, 0.59686459565637562]
[-0.61631488025179948, -0.8574156456049894, 0.77766506468837104, 0.59706780696826944]
[-0.61631488025179948, -0.8574156456049894, 0.77766506468837104, 0.59706780696826944]
[-0.60060568333527131, -0.86130524088993932, 0.77688714561859351, 0.59628988789849191]
[-0.60060568333527131, -0.86130524088993932, 0.77688714561859351, 0.59628988789849191]
[-0.57567247301983682, -0.8603837261312306, 0.7814947194856473, 0.59721140265720063]
[-0.57567247301983682, -0.8603837261312306, 0.7814947194856473, 0.59721140265720063]
[-0.57567247301983682, -0.8603837261312306, 0.7814947194856473, 0.59721140265720063]
[-0.57567247301983682, -0.8603837261312306, 0.7814947194856473, 0.59721140265720063]
[-0.57567247301983682, -0.8603837261312306, 0.7814947194856473, 0.59721140265720063]
[-0.57567247301983682, -0.8603837261312306, 0.7814947194856473, 0.59721140265720063]
[-0.57286050652412068, -0.85988716906706331, 0.78397750476458206, 0.59770795972136792]
[-0.57068026751637435, -0.85946321911007273, 0.78609725458202329, 0.5981319096783585]
[-0.57068026751637435, -0.85946321911007273, 0.78609725458202329, 0.5981319096783585]
[-0.57516880152638916, -0.86343381769044214, 0.78530313486594938, 0.59733778996228459]
[-0.57275820688176948, -0.86298293640142354, 0.7875575413110425, 0.59778867125130319]
[-0.57275820688176948, -0.86298293640142354, 0.7875575413110425, 0.59778867125130319]
[-0.5745425956818917, -0.86622486599322113, 0.78882914971594276, 0.59746028440173871]
[-0.57893387241222527, -0.87011335625612274, 0.78805145165027546, 0.59668258633607141]
[-0.58290606251573751, -0.87379286290955704, 0.78731555028407441, 0.59594668496987035]
[-0.58290606251573751, -0.87379286290955704, 0.78731555028407441, 0.59594668496987035]
[-0.58290606251573751, -0.87379286290955704, 0.78731555028407441, 0.59594668496987035]
[-0.58290606251573751, -0.87379286290955704, 0.78731555028407441, 0.59594668496987035]
[-0.56290606221771433, -0.87379286290955704, 0.78731555028407441, 0.59594668496987035]
[-0.54659999792054859, -0.87731575868698131, 0.78661097111758072, 0.59524210580337666]
[-0.55029797077687026, -0.88081832869442345, 0.78591045712711316, 0.59454159181290911]
[-0.55029797077687026, -0.88081832869442345, 0.78591045712711316, 0.59454159181290911]
[-0.55029797077687026, -0.88081832869442345, 0.78591045712711316, 0.59454159181290911]
[-0.53029797047884708, -0.88081832869442345, 0.78591045712711316, 0.59454159181290911]
[-0.50807965390938159, -0.88038803684995215, 0.78806191625030186, 0.59497188365738041]
[-0.51489803315408855, -0.88704730752665295, 0.78673006213528207, 0.59364002954236061]
[-0.51489803315408855, -0.88704730752665295, 0.78673006213528207, 0.59364002954236061]
[-0.53524909197613058, -0.88710960455846433, 0.7866677651034707, 0.59332854439278071]
[-0.53847035428203149, -0.89030852011283867, 0.78602798196379553, 0.59268876125310554]
[-0.53615015896181306, -0.88986473768216434, 0.78824689404801995, 0.59313254368377988]
[-0.53963941619083899, -0.89319205319947104, 0.78758143094455857, 0.59246708058031849]
[-0.53963941619083899, -0.89319205319947104, 0.78758143094455857, 0.59246708058031849]
[-0.54658473436959465, -0.89976679308500696, 0.78626648294439672, 0.59115213258015664]
[-0.54963839080847399, -0.9028060343469998, 0.78565863467379693, 0.59054428430955686]
[-0.54963839080847399, -0.9028060343469998, 0.78565863467379693, 0.59054428430955686]
[-0.54963839080847399, -0.9028060343469998, 0.78565863467379693, 0.59054428430955686]
[-0.55263815421775264, -0.90579899549545384, 0.78506004242622618, 0.5899456920619861]
[-0.55481653320503377, -0.90899540280592495, 0.78650776134772171, 0.5896542439809267]
[-0.55481653320503377, -0.90899540280592495, 0.78650776134772171, 0.5896542439809267]
[-0.55481653320503377, -0.90899540280592495, 0.78650776134772171, 0.5896542439809267]
[-0.55481653320503377, -0.90899540280592495, 0.78650776134772171, 0.5896542439809267]
[-0.55481653320503377, -0.90899540280592495, 0.78650776134772171, 0.5896542439809267]
[-0.55481653320503377, -0.90899540280592495, 0.78650776134772171, 0.5896542439809267]
[-0.56118065983349319, -0.9151061613726621, 0.78528560961454774, 0.58843209224775272]
[-0.56118065983349319, -0.9151061613726621, 0.78528560961454774, 0.58843209224775272]
[-0.57824194608284585, -0.91459047655195769, 0.78786403358669888, 0.58894777706845713]
[-0.60172037412663382, -0.91777989036782148, 0.78722615080278913, 0.58830989428454739]
[-0.59048690307898399, -0.91684311425517651, 0.7881629269154341, 0.59299377493146788]
[-0.61048690337700717, -0.91684311425517651, 0.7881629269154341, 0.59299377493146788]
[-0.61048690337700717, -0.91684311425517651, 0.7881629269154341, 0.59299377493146788]
[-0.61048690337700717, -0.91684311425517651, 0.7881629269154341, 0.59299377493146788]
[-0.61048690337700717, -0.91684311425517651, 0.7881629269154341, 0.59299377493146788]
[-0.6076075415007387, -0.91633587825050522, 0.79069910681007294, 0.59350101093613916]
[-0.62760754179876188, -0.91633587825050522, 0.79069910681007294, 0.59350101093613916]
[-0.62760754179876188, -0.91633587825050522, 0.79069910681007294, 0.59350101093613916]
[-0.62760754179876188, -0.91633587825050522, 0.79069910681007294, 0.59350101093613916]
[-0.60572500152693909, -0.91471898092391812, 0.79102248628354221, 0.59382439040960844]
[-0.60572500152693909, -0.91471898092391812, 0.79102248628354221, 0.59382439040960844]
[-0.61022835792915076, -0.91835176843620048, 0.79029592879450683, 0.59309783292057305]
[-0.61022835792915076, -0.91835176843620048, 0.79029592879450683, 0.59309783292057305]
[-0.61022835792915076, -0.91835176843620048, 0.79029592879450683, 0.59309783292057305]
[-0.60751571004361249, -0.91786315173045174, 0.79273901228282873, 0.59358644962632179]
[-0.60512123214546609, -0.91741152853472918, 0.79499712815439993, 0.59403807282204435]
[-0.58071870360590894, -0.91593556730483461, 0.7994701431150194, 0.59842082516600759]
[-0.58440988571451902, -0.91924008078937591, 0.79880924042911172, 0.5977599224800999]
[-0.58440988571451902, -0.91924008078937591, 0.79880924042911172, 0.5977599224800999]
[-0.58440988571451902, -0.91924008078937591, 0.79880924042911172, 0.5977599224800999]
[-0.58189319824375441, -0.91877876221699728, 0.80111583332850622, 0.59822124105247854]
[-0.5594362362180646, -0.91832565225308316, 0.80338138311146534, 0.59867435101639266]
[-0.5594362362180646, -0.91832565225308316, 0.80338138311146534, 0.59867435101639266]
[-0.5594362362180646, -0.91832565225308316, 0.80338138311146534, 0.59867435101639266]
[-0.5367749129698538, -0.91785181164248997, 0.80575058612477435, 0.59914819162698585]
[-0.5367749129698538, -0.91785181164248997, 0.80575058612477435, 0.59914819162698585]
[-0.5367749129698538, -0.91785181164248997, 0.80575058612477435, 0.59914819162698585]
[-0.5167731892238131, -0.91785045846798641, 0.80575085675967872, 0.59914846226189022]
[-0.5167731892238131, -0.91785045846798641, 0.80575085675967872, 0.59914846226189022]
[-0.5167731892238131, -0.91785045846798641, 0.80575085675967872, 0.59914846226189022]
[-0.51431297583025892, -0.9174000431065773, 0.80800293353006436, 0.59959887762329933]
[-0.51431297583025892, -0.9174000431065773, 0.80800293353006436, 0.59959887762329933]
[-0.54964024799340327, -0.9237473332642776, 0.80165564337236406, 0.56786242683479804]
[-0.55641347650368556, -0.92990287597460097, 0.80042453480091613, 0.56663131826335011]
[-0.55641347650368556, -0.92990287597460097, 0.80042453480091613, 0.56663131826335011]
[-0.55641347650368556, -0.92990287597460097, 0.80042453480091613, 0.56663131826335011]
[-0.55641347650368556, -0.92990287597460097, 0.80042453480091613, 0.56663131826335011]
[-0.55386086575483751, -0.92943328642793188, 0.80277248257229872, 0.56710090781001921]
[-0.55386086575483751, -0.92943328642793188, 0.80277248257229872, 0.56710090781001921]
[-0.55169782558413494, -0.92901073081209473, 0.80488526058702092, 0.56752346342585636]
[-0.56920791382596903, -0.92857449093301181, 0.80728643481926043, 0.56773972850487353]
[-0.56920791382596903, -0.92857449093301181, 0.80728643481926043, 0.56773972850487353]
[-0.56920791382596903, -0.92857449093301181, 0.80728643481926043, 0.56773972850487353]
[-0.56920791382596903, -0.92857449093301181, 0.80728643481926043, 0.56773972850487353]
[-0.56920791382596903, -0.92857449093301181, 0.80728643481926043, 0.56773972850487353]
[-0.56920791382596903, -0.92857449093301181, 0.80728643481926043, 0.56773972850487353]
[-0.56920791382596903, -0.92857449093301181, 0.80728643481926043, 0.56773972850487353]
[-0.56920791382596903, -0.92857449093301181, 0.80728643481926043, 0.56773972850487353]
[-0.56920791382596903, -0.92857449093301181, 0.80728643481926043, 0.56773972850487353]
[-0.566949646364028, -0.92814321494956287, 0.80944281463555268, 0.56817100448832247]
[-0.57046213851909855, -0.93128259885804965, 0.80881493784338732, 0.56754312769615711]
[-0.56784126254720124, -0.93081090025320834, 0.81117343075043125, 0.56801482630099842]
[-0.56583441718686012, -0.93041254125492212, 0.81316522574186234, 0.56841318529928464]
[-0.56326983665718522, -0.92994988989806449, 0.81547848244971977, 0.56887583665614228]
[-0.56326983665718522, -0.92994988989806449, 0.81547848244971977, 0.56887583665614228]
[-0.56326983665718522, -0.92994988989806449, 0.81547848244971977, 0.56887583665614228]
[-0.56326983665718522, -0.92994988989806449, 0.81547848244971977, 0.56887583665614228]
[-0.56326983665718522, -0.92994988989806449, 0.81547848244971977, 0.56887583665614228]
[-0.56122435094051237, -0.92954916103300878, 0.81748212677499832, 0.56927656552119799]
[-0.56122435094051237, -0.92954916103300878, 0.81748212677499832, 0.56927656552119799]
[-0.56424984275191536, -0.93244309586787011, 0.8169033398080261, 0.56869777855422576]
[-0.56179575058117837, -0.93199465860786701, 0.81914552603490376, 0.56914621581422886]
[-0.54179575028315519, -0.93199465860786701, 0.81914552603490376, 0.56914621581422886]
[-0.54529657788349151, -0.9351202777328832, 0.81852040217860067, 0.56852109195792577]
[-0.54529657788349151, -0.9351202777328832, 0.81852040217860067, 0.56852109195792577]
[-0.54312159305516483, -0.93470472955733053, 0.82059814308877388, 0.56893664013347844]
[-0.54312159305516483, -0.93470472955733053, 0.82059814308877388, 0.56893664013347844]
[-0.54312159305516483, -0.93470472955733053, 0.82059814308877388, 0.56893664013347844]
[-0.54619603779828552, -0.93760459859134115, 0.82001816925448412, 0.56835666629918868]
[-0.52689820805828635, -0.94014798539883115, 0.82174199567506256, 0.56822007287019916]
[-0.52689820805828635, -0.94014798539883115, 0.82174199567506256, 0.56822007287019916]
[-0.52423892670586381, -0.93967937056434492, 0.82408506976824103, 0.56868868770468539]
[-0.52423892670586381, -0.93967937056434492, 0.82408506976824103, 0.56868868770468539]
[-0.52759786676503517, -0.94270486849014634, 0.82347997017307029, 0.56808358810951465]
[-0.52759786676503517, -0.94270486849014634, 0.82347997017307029, 0.56808358810951465]
[-0.52903387607923091, -0.94534461615252541, 0.82480075929440699, 0.56786376169209929]
[-0.56377116495119795, -0.95151089263019561, 0.81863448281673679, 0.53703237878612209]
[-0.54705844325008679, -0.9544164029274308, 0.81805338072789924, 0.53645127669728454]
[-0.54705844325008679, -0.9544164029274308, 0.81805338072789924, 0.53645127669728454]
[-0.54705844325008679, -0.9544164029274308, 0.81805338072789924, 0.53645127669728454]
[-0.54705844325008679, -0.9544164029274308, 0.81805338072789924, 0.53645127669728454]
[-0.54705844325008679, -0.9544164029274308, 0.81805338072789924, 0.53645127669728454]
[-0.544580843763944, -0.95395940538137636, 0.8203383683474138, 0.53690827424333898]
[-0.544580843763944, -0.95395940538137636, 0.8203383683474138, 0.53690827424333898]
[-0.544580843763944, -0.95395940538137636, 0.8203383683474138, 0.53690827424333898]
[-0.544580843763944, -0.95395940538137636, 0.8203383683474138, 0.53690827424333898]
[-0.544580843763944, -0.95395940538137636, 0.8203383683474138, 0.53690827424333898]
[-0.544580843763944, -0.95395940538137636, 0.8203383683474138, 0.53690827424333898]
[-0.544580843763944, -0.95395940538137636, 0.8203383683474138, 0.53690827424333898]
[-0.5245768432499901, -0.95395647427142682, 0.82033895456941097, 0.53690886046533615]
[-0.53902107170350866, -0.96024315396346294, 0.81405227487737486, 0.5054754630314745]
[-0.53902107170350866, -0.96024315396346294, 0.81405227487737486, 0.5054754630314745]
[-0.53902107170350866, -0.96024315396346294, 0.81405227487737486, 0.5054754630314745]
[-0.53902107170350866, -0.96024315396346294, 0.81405227487737486, 0.5054754630314745]
[-0.53902107170350866, -0.96024315396346294, 0.81405227487737486, 0.5054754630314745]
[-0.53902107170350866, -0.96024315396346294, 0.81405227487737486, 0.5054754630314745]
[-0.53902107170350866, -0.96024315396346294, 0.81405227487737486, 0.5054754630314745]
[-0.53902107170350866, -0.96024315396346294, 0.81405227487737486, 0.5054754630314745]
[-0.53926540216773977, -0.96230437483509246, 0.81583336266276296, 0.50542877417595056]
[-0.53926540216773977, -0.96230437483509246, 0.81583336266276296, 0.50542877417595056]
[-0.53926540216773977, -0.96230437483509246, 0.81583336266276296, 0.50542877417595056]
[-0.54185492717237582, -0.9647734768240287, 0.81533954226497574, 0.50493495377816333]
[-0.54185492717237582, -0.9647734768240287, 0.81533954226497574, 0.50493495377816333]
[-0.52186479559820498, -0.96477140044369469, 0.81534161864530974, 0.50494533567968802]
[-0.52186479559820498, -0.96477140044369469, 0.81534161864530974, 0.50494533567968802]
[-0.52186479559820498, -0.96477140044369469, 0.81534161864530974, 0.50494533567968802]
[-0.50415230100688313, -0.96705183579403131, 0.81488553157524246, 0.50448924860962074]
[-0.50415230100688313, -0.96705183579403131, 0.81488553157524246, 0.50448924860962074]
[-0.47318726152524337, -0.93572486570335112, 0.82115092559422509, 0.51075464262860337]
[-0.4931819689657802, -0.93572881841302635, 0.82115013505226098, 0.51075385208663926]
[-0.4931819689657802, -0.93572881841302635, 0.82115013505226098, 0.51075385208663926]
[-0.47318205410277375, -0.93572880090011645, 0.82115015256517088, 0.51075393965118854]
[-0.49346029744965697, -0.9380754670063608, 0.82302757894396206, 0.51067573303546165]
[-0.49077827379599459, -0.93759821517873165, 0.8254138380421423, 0.5111529848630908]
[-0.49077827379599459, -0.93759821517873165, 0.8254138380421423, 0.5111529848630908]
[-0.49383316164290197, -0.94042951786700724, 0.8248475774771743, 0.5105867242981228]
[-0.49457328085372732, -0.94283014962435385, 0.82648824492256712, 0.51046006358165152]
[-0.49457328085372732, -0.94283014962435385, 0.82648824492256712, 0.51046006358165152]
[-0.49457328085372732, -0.94283014962435385, 0.82648824492256712, 0.51046006358165152]
[-0.49457328085372732, -0.94283014962435385, 0.82648824492256712, 0.51046006358165152]
[-0.4977119353472973, -0.94568289109788228, 0.82591769662786141, 0.50988951528694582]
[-0.51771193564532048, -0.94568289109788228, 0.82591769662786141, 0.50988951528694582]
[-0.51771193564532048, -0.94568289109788228, 0.82591769662786141, 0.50988951528694582]
[-0.52056892907146446, -0.9483746135755029, 0.82537935213233726, 0.50935117079142167]
[-0.52056892907146446, -0.9483746135755029, 0.82537935213233726, 0.50935117079142167]
[-0.52340920054052009, -0.95104573878852006, 0.82484512708973379, 0.50881694574881819]
[-0.52340920054052009, -0.95104573878852006, 0.82484512708973379, 0.50881694574881819]
[-0.52427302814287069, -0.95343269344105164, 0.82645374997702947, 0.50868722375879627]
[-0.52427302814287069, -0.95343269344105164, 0.82645374997702947, 0.50868722375879627]
[-0.52237307165390556, -0.95536163825947573, 0.83049319658998655, 0.50903897407705812]
[-0.52237307165390556, -0.95536163825947573, 0.83049319658998655, 0.50903897407705812]
[-0.52237307165390556, -0.95536163825947573, 0.83049319658998655, 0.50903897407705812]
[-0.52237307165390556, -0.95536163825947573, 0.83049319658998655, 0.50903897407705812]
[-0.52834832953732047, -0.96079032515371465, 0.82940745918527981, 0.50795323667235137]
[-0.52834832953732047, -0.96079032515371465, 0.82940745918527981, 0.50795323667235137]
[-0.52583912113979603, -0.96033253272830044, 0.83169642123757059, 0.50841102909776559]
[-0.50583912084177285, -0.96033253272830044, 0.83169642123757059, 0.50841102909776559]
[-0.50319401858900026, -0.95986159632467272, 0.83405110313746411, 0.50888196550139331]
[-0.50555017316992168, -0.96221583547502876, 0.83358025529334911, 0.50841111765727831]
[-0.50555017316992168, -0.96221583547502876, 0.83358025529334911, 0.50841111765727831]
[-0.5114833325551309, -0.96758342317233059, 0.83250673773677597, 0.50733760010070517]
[-0.51395007141052651, -0.96997582485333478, 0.83202825739322372, 0.50685911975715292]
[-0.4913045415865695, -0.9695036283539975, 0.83438923981106705, 0.50733131625649019]
[-0.4913045415865695, -0.9695036283539975, 0.83438923981106705, 0.50733131625649019]
[-0.4913045415865695, -0.9695036283539975, 0.83438923981106705, 0.50733131625649019]
[-0.4913045415865695, -0.9695036283539975, 0.83438923981106705, 0.50733131625649019]
[-0.4939264688229501, -0.97198013247244808, 0.83389393897956299, 0.50683601542498613]
[-0.4939264688229501, -0.97198013247244808, 0.83389393897956299, 0.50683601542498613]
[-0.4968604902705403, -0.97461518051155682, 0.83336692935425316, 0.5063090057996763]
[-0.49940691772988116, -0.97702967294422505, 0.83288403084495266, 0.5058261072903758]
[-0.47940691743185793, -0.97702967294422505, 0.83288403084495266, 0.5058261072903758]
[-0.47940691743185793, -0.97702967294422505, 0.83288403084495266, 0.5058261072903758]
[-0.47940691743185793, -0.97702967294422505, 0.83288403084495266, 0.5058261072903758]
[-0.47940691743185793, -0.97702967294422505, 0.83288403084495266, 0.5058261072903758]
[-0.47739638085668445, -0.97663085989116183, 0.83487809602039065, 0.50622492034343902]
[-0.47739638085668445, -0.97663085989116183, 0.83487809602039065, 0.50622492034343902]
[-0.4770177192773325, -0.97841708317140252, 0.83679433514152735, 0.50624658967581482]
[-0.47453818093770894, -0.97796473401113204, 0.83905608083203576, 0.5066989388360853]
[-0.46995990857998243, -0.97710895219078842, 0.84333498983455046, 0.50755472065642893]
[-0.4722238648310072, -0.97935483345940844, 0.84288581358082648, 0.50710554440270494]
[-0.4722238648310072, -0.97935483345940844, 0.84288581358082648, 0.50710554440270494]
[-0.4722238648310072, -0.97935483345940844, 0.84288581358082648, 0.50710554440270494]
[-0.46990198569597258, -0.97892386214677851, 0.8450406701439761, 0.50753651571533487]
